"ID","Wave","TotalSpending","InternationalSpend","DomesticSpend","Female","Age","HomeState","HomeRegion","BookingTime","DeviceTypeMobileTablet","Windows.Android","PromotionsUsed","EaseOfUse","UsageDuration","BookingCount","AvailableFlights","Satisfaction","NetPromoterScore","TotalSatisfaction","WebsiteReturned","WebsiteReviewed","ReviewSentiment","ReviewMentionsWebsite"
4567,12,2542,2542,0,1,37,"VIC","Urban","12:00 PM - 6:00 PM",0,1,1,3,44,1,3,5,3,8,0,0,99,99
1081,3,458,0,458,0,38,"VIC","Remote","6:00 AM - 12:00 PM",1,1,0,2,78,2,2,8,7,15,1,0,99,99
143,1,3395,1880,1515,1,59,"NSW","Urban","12:00 AM - 6:00 AM",0,0,1,2,42,2,3,10,5,15,1,0,99,99
5738,15,2306,1928,378,1,56,"VIC","Urban","6:00 AM - 12:00 PM",1,1,0,3,123,1,3,8,9,17,0,0,99,99
2981,8,2898,1858,1040,1,43,"VIC","Urban","6:00 PM - 12:00 AM",0,1,1,1,165,1,2,2,0,2,0,0,99,99
6717,17,1769,1368,401,0,39,"QLD","Urban","6:00 PM - 12:00 AM",0,1,1,3,47,1,3,9,10,19,0,0,99,99
8311,21,681,0,681,99,41,"NSW","Remote","6:00 AM - 12:00 PM",0,1,0,3,19,1,3,0,0,0,0,0,99,99
7689,20,3708,2156,1552,0,51,"SA","Urban","6:00 AM - 12:00 PM",1,1,1,2,134,2,3,9,9,18,0,0,99,99
1430,4,2017,1501,516,1,33,"VIC","Regional","6:00 AM - 12:00 PM",1,1,0,1,18,1,3,0,0,0,0,0,99,99
4457,12,758,0,758,0,52,"NSW","Urban","6:00 PM - 12:00 AM",1,0,1,3,93,1,2,10,9,19,0,0,99,99
9794,25,655,0,655,1,74,"NSW","Regional","6:00 PM - 12:00 AM",1,1,0,3,25,2,3,3,6,9,0,0,99,99
5326,14,936,0,936,1,41,"NT","Urban","12:00 PM - 6:00 PM",1,1,1,2,138,3,3,8,10,18,0,0,99,99
7310,19,2168,1566,602,0,71,"VIC","Urban","6:00 PM - 12:00 AM",0,1,1,3,157,2,3,3,6,9,0,0,99,99
2952,8,2538,1213,1325,1,64,"VIC","Urban","6:00 AM - 12:00 PM",0,1,0,2,36,1,1,3,5,8,0,0,99,99
9516,24,255,0,255,1,40,"QLD","Urban","12:00 PM - 6:00 PM",1,1,1,3,166,4,2,7,4,11,0,1,5,0
8127,21,2362,1746,616,0,38,"NSW","Urban","6:00 PM - 12:00 AM",0,1,1,3,139,3,4,6,4,10,0,0,99,99
7021,18,315,0,315,0,72,"VIC","Urban","6:00 AM - 12:00 PM",0,0,0,3,28,2,2,2,0,2,0,0,99,99
4120,11,2322,1340,982,0,50,"NSW","Remote","6:00 AM - 12:00 PM",1,0,1,2,65,1,2,8,10,18,0,0,99,99
8057,21,2782,2270,512,1,18,"NSW","Regional","6:00 PM - 12:00 AM",0,1,1,3,105,1,4,6,8,14,0,0,99,99
8401,22,2995,1543,1452,0,33,"NSW","Urban","6:00 AM - 12:00 PM",0,1,0,3,94,2,2,5,5,10,0,0,99,99
5620,15,327,0,327,1,22,"SA","Urban","6:00 PM - 12:00 AM",1,0,1,3,80,2,3,8,6,14,0,0,99,99
5612,15,2373,0,2373,1,41,"VIC","Urban","6:00 PM - 12:00 AM",1,0,0,3,75,1,3,7,5,12,0,0,99,99
9095,23,1828,1425,403,0,41,"NSW","Regional","6:00 PM - 12:00 AM",1,1,0,3,74,2,4,7,4,11,0,0,99,99
7967,20,1268,1268,0,0,42,"NSW","Regional","6:00 PM - 12:00 AM",0,1,1,3,85,2,3,8,7,15,0,0,99,99
8080,21,310,0,310,0,64,"NSW","Regional","6:00 AM - 12:00 PM",0,1,0,3,24,1,5,7,5,12,1,0,99,99
7717,20,2178,0,2178,1,69,"VIC","Urban","12:00 PM - 6:00 PM",1,1,0,1,49,3,3,8,8,16,1,0,99,99
796,2,4279,2349,1930,0,47,"WA","Urban","6:00 PM - 12:00 AM",0,0,0,2,66,3,3,10,10,20,0,0,99,99
2677,7,3123,2276,847,0,54,"NSW","Urban","6:00 PM - 12:00 AM",0,1,0,3,157,2,4,3,4,7,0,0,99,99
1428,4,4284,2202,2082,0,53,"NSW","Urban","6:00 AM - 12:00 PM",0,0,1,3,24,4,2,3,0,3,0,0,99,99
6638,17,3015,2080,935,0,76,"WA","Urban","6:00 AM - 12:00 PM",1,1,0,2,105,1,3,9,6,15,0,0,99,99
2362,6,2727,2023,704,1,68,"VIC","Urban","6:00 PM - 12:00 AM",1,1,0,2,51,3,3,8,7,15,0,0,99,99
8948,23,2615,2020,595,1,68,"NSW","Urban","12:00 AM - 6:00 AM",1,1,0,3,139,1,3,5,6,11,1,0,99,99
9950,25,1779,1779,0,1,70,"WA","Urban","12:00 AM - 6:00 AM",1,1,1,2,135,1,5,7,5,12,0,0,99,99
2738,7,2725,1851,874,1,69,"NSW","Regional","6:00 PM - 12:00 AM",0,0,0,3,119,1,3,8,7,15,0,0,99,99
928,3,138,0,138,1,51,"VIC","Urban","6:00 AM - 12:00 PM",1,1,1,1,78,1,3,5,5,10,0,0,99,99
5803,15,2797,2001,796,0,46,"NSW","Regional","12:00 AM - 6:00 AM",0,1,0,2,174,2,4,4,8,12,1,0,99,99
2900,8,2389,1635,754,1,-99,"QLD","Urban","6:00 PM - 12:00 AM",0,0,1,2,19,1,4,2,6,8,1,0,99,99
8746,22,2585,2576,9,1,58,"VIC","Urban","6:00 PM - 12:00 AM",0,0,0,3,125,1,1,9,10,19,0,0,99,99
1383,4,1261,1064,197,1,24,"QLD","Urban","6:00 AM - 12:00 PM",1,1,1,3,102,2,3,8,6,14,1,0,99,99
7011,18,3203,2642,561,1,58,"QLD","Urban","6:00 PM - 12:00 AM",1,1,0,3,173,2,3,3,4,7,1,0,99,99
6,1,500,0,500,0,33,"SA","Urban","12:00 AM - 6:00 AM",1,1,0,3,150,1,3,2,5,7,0,1,2,0
6954,18,19,0,19,0,75,"NSW","Urban","6:00 AM - 12:00 PM",0,0,0,3,156,2,3,2,2,4,0,0,99,99
1352,4,749,0,749,0,30,"NSW","Urban","6:00 AM - 12:00 PM",1,1,0,2,126,2,4,7,8,15,0,0,99,99
9189,23,1710,1405,305,0,55,"NSW","Remote","6:00 PM - 12:00 AM",1,1,0,3,55,1,3,8,10,18,0,0,99,99
1981,5,4142,1920,2222,1,56,"QLD","Urban","6:00 PM - 12:00 AM",0,0,1,1,24,3,1,8,4,12,1,0,99,99
3484,9,2660,2007,653,1,44,"TAS","Urban","6:00 AM - 12:00 PM",0,0,0,3,59,1,3,10,10,20,0,1,2,0
3241,9,2819,2739,80,1,52,"VIC","Urban","6:00 AM - 12:00 PM",1,1,1,3,115,1,4,10,6,16,0,0,99,99
958,3,364,0,364,0,22,"SA","Remote","6:00 AM - 12:00 PM",1,1,1,2,126,1,2,6,5,11,0,0,99,99
8413,22,3389,2468,921,0,62,"NSW","Remote","6:00 AM - 12:00 PM",0,1,0,3,12,1,3,3,2,5,1,0,99,99
273,1,3301,1992,1309,1,40,"NT","Urban","12:00 AM - 6:00 AM",0,0,1,3,72,2,4,5,5,10,0,0,99,99
2592,7,1428,0,1428,0,40,"NSW","Urban","6:00 PM - 12:00 AM",1,1,1,2,96,1,4,10,9,19,0,0,99,99
735,2,795,0,795,0,31,"NSW","Regional","12:00 PM - 6:00 PM",1,1,1,3,120,2,4,7,10,17,1,0,99,99
7867,20,464,0,464,1,57,"VIC","Urban","6:00 AM - 12:00 PM",0,1,0,2,106,2,4,10,8,18,0,0,99,99
2021,6,619,0,619,1,-99,"TAS","Urban","6:00 AM - 12:00 PM",0,1,0,3,116,1,1,8,6,14,0,0,99,99
2907,8,3346,2420,926,1,74,"NSW","Regional","6:00 PM - 12:00 AM",1,0,1,1,98,4,2,6,5,11,0,0,99,99
6017,16,2817,1866,951,1,32,"VIC","Urban","6:00 AM - 12:00 PM",0,0,0,3,165,1,3,6,6,12,0,0,99,99
5607,15,2983,1995,988,0,52,"QLD","Urban","6:00 AM - 12:00 PM",0,0,0,3,169,2,3,9,7,16,0,0,99,99
89,1,195,0,195,0,25,"NSW","Urban","12:00 AM - 6:00 AM",0,1,0,2,96,1,2,6,5,11,1,0,99,99
591,2,1521,1279,242,0,38,"SA","Urban","12:00 PM - 6:00 PM",0,1,1,3,96,2,4,10,10,20,0,0,99,99
9954,25,2232,1815,417,0,27,"NT","Urban","6:00 AM - 12:00 PM",0,0,1,3,74,1,2,8,8,16,0,0,99,99
8280,21,1302,0,1302,0,33,"QLD","Urban","6:00 AM - 12:00 PM",0,0,1,1,165,2,3,6,6,12,0,1,4,0
740,2,198,0,198,1,30,"NT","Regional","6:00 PM - 12:00 AM",0,1,0,3,120,1,3,8,7,15,0,0,99,99
6487,17,1636,0,1636,0,25,"QLD","Urban","6:00 PM - 12:00 AM",1,1,1,3,179,4,4,4,4,8,1,0,99,99
1796,5,4034,2045,1989,1,60,"VIC","Remote","6:00 PM - 12:00 AM",0,0,0,2,36,3,3,5,1,6,0,0,99,99
5678,15,1398,0,1398,1,76,"SA","Urban","12:00 AM - 6:00 AM",0,1,0,3,21,1,3,1,1,2,1,0,99,99
1773,5,1458,1272,186,1,38,"VIC","Urban","6:00 PM - 12:00 AM",1,1,0,1,18,1,3,0,0,0,0,0,99,99
558,2,403,0,403,1,26,"NT","Regional","12:00 PM - 6:00 PM",0,1,1,3,162,1,2,2,2,4,0,0,99,99
1667,5,859,0,859,1,26,"NSW","Urban","6:00 PM - 12:00 AM",1,1,0,1,162,1,3,5,7,12,1,0,99,99
9945,25,889,0,889,0,74,"NSW","Remote","6:00 AM - 12:00 PM",0,1,1,1,152,4,3,1,1,2,1,0,99,99
6673,17,2017,1745,272,0,19,"NSW","Urban","6:00 AM - 12:00 PM",1,1,0,3,171,1,3,0,0,0,0,0,99,99
4420,12,3963,2266,1697,99,78,"QLD","Urban","6:00 PM - 12:00 AM",0,0,0,3,98,1,4,10,10,20,1,0,99,99
9829,25,2957,1698,1259,0,76,"NSW","Regional","6:00 PM - 12:00 AM",0,1,0,3,118,2,4,8,5,13,0,0,99,99
2105,6,823,0,823,0,28,"NSW","Regional","6:00 PM - 12:00 AM",0,0,0,3,73,4,3,9,10,19,0,0,99,99
2704,7,1348,0,1348,0,-99,"VIC","Urban","6:00 PM - 12:00 AM",1,0,0,3,113,1,2,7,8,15,0,0,99,99
6533,17,1827,1827,0,1,75,"QLD","Urban","12:00 PM - 6:00 PM",1,1,1,3,177,1,3,3,2,5,1,0,99,99
1744,5,468,0,468,0,26,"WA","Regional","6:00 PM - 12:00 AM",1,1,1,1,78,2,3,6,4,10,0,0,99,99
3232,9,1791,1400,391,0,40,"NSW","Urban","6:00 AM - 12:00 PM",0,0,0,3,60,1,3,6,9,15,1,0,99,99
4,1,3208,1926,1282,1,56,"NSW","Urban","12:00 AM - 6:00 AM",1,0,1,3,162,2,4,4,2,6,0,0,99,99
5171,13,4196,2185,2011,1,57,"NSW","Urban","6:00 AM - 12:00 PM",1,0,0,3,132,1,2,6,8,14,1,0,99,99
6541,17,4436,2274,2162,0,48,"WA","Urban","6:00 PM - 12:00 AM",1,1,0,3,122,1,5,10,10,20,0,0,99,99
1526,4,4519,2492,2027,1,53,"WA","Regional","6:00 AM - 12:00 PM",0,0,0,3,30,4,3,5,0,5,0,0,99,99
8336,21,4040,2846,1194,0,55,"NT","Urban","12:00 AM - 6:00 AM",0,0,0,3,67,4,3,5,5,10,0,0,99,99
3735,10,3431,1949,1482,1,48,"NSW","Regional","6:00 PM - 12:00 AM",0,0,1,3,31,1,3,7,5,12,0,0,99,99
9821,25,2364,974,1390,0,59,"TAS","Urban","6:00 PM - 12:00 AM",0,1,0,3,175,1,2,3,4,7,0,0,99,99
590,2,4396,2155,2241,1,56,"ACT","Urban","6:00 PM - 12:00 AM",1,0,0,3,150,4,3,5,4,9,0,0,99,99
4003,11,1397,0,1397,0,51,"VIC","Urban","6:00 PM - 12:00 AM",0,1,1,3,118,1,2,6,3,9,1,1,2,0
4742,12,814,0,814,0,39,"VIC","Urban","12:00 PM - 6:00 PM",1,0,0,3,32,1,3,3,0,3,1,0,99,99
7267,19,3685,2129,1556,0,21,"NSW","Urban","6:00 AM - 12:00 PM",0,0,1,3,55,1,3,6,6,12,1,0,99,99
8571,22,2834,1712,1122,0,52,"NSW","Urban","6:00 AM - 12:00 PM",0,1,1,3,43,2,2,4,5,9,1,0,99,99
9397,24,1490,1490,0,0,20,"SA","Urban","6:00 PM - 12:00 AM",1,0,0,1,140,2,3,9,6,15,1,0,99,99
6356,16,2802,2106,696,0,18,"VIC","Urban","6:00 AM - 12:00 PM",0,0,0,3,14,1,2,0,0,0,0,0,99,99
3873,10,2207,1309,898,0,18,"NSW","Remote","6:00 PM - 12:00 AM",0,1,1,2,134,1,2,9,7,16,0,0,99,99
6664,17,1896,1557,339,1,50,"SA","Urban","12:00 PM - 6:00 PM",1,1,0,3,12,2,3,2,5,7,1,0,99,99
6205,16,341,0,341,0,66,"NSW","Regional","6:00 PM - 12:00 AM",1,0,0,3,167,1,4,4,4,8,1,0,99,99
1745,5,4514,2412,2102,1,50,"VIC","Urban","6:00 PM - 12:00 AM",0,0,1,3,150,2,3,5,4,9,0,0,99,99
4264,11,639,0,639,1,77,"NSW","Urban","12:00 PM - 6:00 PM",1,1,0,1,93,2,3,7,5,12,0,0,99,99
64,1,130,0,130,1,22,"VIC","Urban","12:00 AM - 6:00 AM",0,1,0,3,174,1,2,2,1,3,0,0,99,99
7490,19,3369,1529,1840,0,52,"NSW","Remote","6:00 PM - 12:00 AM",0,1,0,2,66,2,4,6,6,12,0,0,99,99
3994,10,2770,2085,685,0,36,"NT","Urban","6:00 AM - 12:00 PM",0,1,1,2,89,1,4,9,10,19,1,0,99,99
7265,19,1281,0,1281,0,77,"NSW","Regional","6:00 PM - 12:00 AM",0,0,1,3,30,1,5,7,8,15,0,0,99,99
7627,20,1531,0,1531,1,59,"QLD","Urban","12:00 PM - 6:00 PM",0,1,1,3,100,3,3,9,7,16,0,1,5,0
6527,17,3159,2043,1116,0,46,"NSW","Urban","12:00 AM - 6:00 AM",1,0,0,2,169,2,3,3,7,10,1,1,5,0
8112,21,579,0,579,0,40,"NSW","Urban","12:00 PM - 6:00 PM",1,1,0,3,153,3,3,7,7,14,0,0,99,99
9167,23,2945,2076,869,0,44,"NT","Urban","6:00 AM - 12:00 PM",0,0,0,3,125,3,4,10,10,20,1,0,99,99
5725,15,252,0,252,0,58,"NT","Urban","12:00 AM - 6:00 AM",1,1,1,3,125,2,4,8,10,18,0,0,99,99
6534,17,1677,1173,504,0,43,"NT","Urban","6:00 AM - 12:00 PM",1,0,1,1,161,3,4,4,2,6,0,0,99,99
3263,9,106,0,106,0,23,"SA","Urban","12:00 PM - 6:00 PM",1,0,0,3,42,2,4,4,2,6,0,0,99,99
8681,22,3066,1986,1080,0,23,"WA","Urban","12:00 PM - 6:00 PM",1,1,1,3,77,1,2,9,7,16,0,0,99,99
5040,13,546,0,546,0,55,"WA","Urban","6:00 PM - 12:00 AM",0,1,0,3,61,1,4,8,9,17,0,0,99,99
5677,15,878,0,878,1,40,"WA","Urban","6:00 PM - 12:00 AM",1,1,0,3,105,4,2,7,10,17,0,0,99,99
3703,10,3183,1973,1210,0,29,"WA","Urban","6:00 AM - 12:00 PM",0,1,1,3,90,2,3,10,4,14,0,0,99,99
451,2,702,0,702,1,36,"NSW","Urban","6:00 PM - 12:00 AM",1,1,0,3,162,2,3,1,1,2,0,0,99,99
5671,15,2964,2007,957,1,67,"NSW","Regional","6:00 PM - 12:00 AM",0,0,1,2,32,2,3,8,4,12,0,0,99,99
6577,17,694,0,694,1,31,"QLD","Urban","6:00 AM - 12:00 PM",0,1,0,2,89,4,3,8,7,15,1,0,99,99
8158,21,2324,2122,202,1,22,"NSW","Regional","6:00 AM - 12:00 PM",1,1,1,3,134,1,2,6,4,10,0,0,99,99
293,1,347,0,347,1,24,"SA","Urban","12:00 AM - 6:00 AM",1,0,0,3,102,1,3,10,10,20,1,0,99,99
7523,19,3169,2319,850,1,68,"VIC","Urban","12:00 AM - 6:00 AM",1,1,1,3,101,1,4,8,7,15,0,0,99,99
9685,25,299,0,299,1,66,"NSW","Regional","6:00 PM - 12:00 AM",0,1,0,2,23,1,3,9,6,15,0,0,99,99
2512,7,2259,1830,429,1,66,"NSW","Remote","12:00 PM - 6:00 PM",1,1,0,3,127,1,3,6,8,14,1,0,99,99
3710,10,2026,1495,531,1,28,"VIC","Urban","6:00 PM - 12:00 AM",0,0,1,3,113,2,3,5,4,9,0,0,99,99
9353,24,24,0,24,1,40,"VIC","Urban","6:00 AM - 12:00 PM",0,0,0,2,151,3,3,8,8,16,0,0,99,99
9647,25,1291,0,1291,1,35,"QLD","Urban","6:00 PM - 12:00 AM",0,1,1,3,60,2,2,3,4,7,1,0,99,99
634,2,3234,1607,1627,1,56,"WA","Urban","6:00 PM - 12:00 AM",0,0,1,3,180,1,4,6,9,15,1,0,99,99
1758,5,483,0,483,1,30,"VIC","Urban","6:00 PM - 12:00 AM",0,1,0,3,30,2,4,3,0,3,0,0,99,99
9873,25,3222,2630,592,0,62,"VIC","Urban","6:00 PM - 12:00 AM",0,1,0,3,131,1,2,8,7,15,1,0,99,99
1785,5,3762,2255,1507,0,54,"WA","Regional","6:00 PM - 12:00 AM",1,0,1,1,84,4,3,10,10,20,1,0,99,99
5312,14,1466,0,1466,0,49,"NSW","Remote","6:00 PM - 12:00 AM",0,1,1,2,107,2,2,7,5,12,1,0,99,99
9603,25,2240,1701,539,0,78,"SA","Urban","6:00 PM - 12:00 AM",0,0,0,3,83,2,3,10,10,20,0,0,99,99
7670,20,2882,1454,1428,1,71,"NSW","Urban","6:00 PM - 12:00 AM",0,1,0,1,48,1,4,9,8,17,1,0,99,99
180,1,239,0,239,0,48,"TAS","Urban","12:00 PM - 6:00 PM",1,1,0,3,180,1,3,6,2,8,0,0,99,99
3654,10,817,0,817,0,27,"QLD","Urban","12:00 PM - 6:00 PM",1,0,0,2,87,1,2,6,4,10,1,0,99,99
4408,12,2349,1449,900,1,-99,"NT","Urban","6:00 AM - 12:00 PM",1,0,1,2,37,2,3,3,0,3,0,0,99,99
2750,7,1527,1527,0,0,26,"VIC","Urban","12:00 AM - 6:00 AM",0,1,1,3,149,2,2,6,4,10,0,0,99,99
2590,7,1745,1745,0,0,32,"NSW","Regional","6:00 PM - 12:00 AM",0,1,1,3,58,2,4,5,4,9,0,0,99,99
4845,13,3416,1866,1550,0,72,"VIC","Urban","6:00 AM - 12:00 PM",1,1,0,2,88,1,2,6,9,15,1,0,99,99
8783,22,2284,1657,627,0,36,"NSW","Remote","6:00 PM - 12:00 AM",0,1,0,1,155,2,3,4,6,10,0,0,99,99
4727,12,1340,1175,165,0,55,"VIC","Urban","6:00 PM - 12:00 AM",1,1,1,3,151,1,2,10,10,20,0,0,99,99
6793,17,3095,2309,786,0,26,"WA","Urban","6:00 AM - 12:00 PM",0,0,0,3,130,2,3,10,10,20,1,0,99,99
7351,19,1526,0,1526,0,40,"NSW","Regional","12:00 PM - 6:00 PM",0,1,0,3,55,1,2,4,7,11,1,0,99,99
8482,22,1583,0,1583,0,60,"QLD","Urban","6:00 AM - 12:00 PM",0,1,1,3,59,4,2,7,10,17,1,0,99,99
1518,4,292,0,292,1,46,"WA","Urban","6:00 AM - 12:00 PM",1,0,0,2,96,1,2,6,6,12,1,0,99,99
9896,25,2644,2185,459,1,20,"NSW","Regional","6:00 PM - 12:00 AM",0,1,0,1,143,1,2,8,9,17,1,0,99,99
4034,11,1151,0,1151,0,28,"NT","Urban","12:00 AM - 6:00 AM",1,0,0,3,94,1,2,6,6,12,0,0,99,99
9548,24,224,0,224,0,51,"VIC","Urban","6:00 PM - 12:00 AM",0,0,1,1,150,1,5,7,9,16,0,1,2,0
4147,11,2457,2131,326,1,29,"NSW","Regional","6:00 AM - 12:00 PM",0,0,0,3,13,1,3,4,6,10,0,0,99,99
8631,22,778,0,778,1,23,"VIC","Urban","12:00 AM - 6:00 AM",0,1,1,2,108,1,4,10,10,20,0,1,1,0
7809,20,2180,1628,552,0,19,"QLD","Urban","6:00 AM - 12:00 PM",1,1,0,1,81,4,2,7,8,15,0,0,99,99
8128,21,3529,2646,883,0,64,"WA","Urban","6:00 PM - 12:00 AM",0,1,0,3,66,1,3,9,7,16,1,0,99,99
373,1,217,0,217,1,55,"VIC","Urban","6:00 PM - 12:00 AM",1,1,0,2,54,1,4,6,5,11,0,0,99,99
9727,25,1102,0,1102,1,48,"NSW","Regional","12:00 AM - 6:00 AM",1,0,1,2,51,4,3,6,6,12,0,0,99,99
6080,16,838,0,838,0,59,"VIC","Urban","12:00 AM - 6:00 AM",1,0,0,1,85,2,4,9,9,18,1,0,99,99
6779,17,3206,1958,1248,1,43,"NSW","Remote","6:00 PM - 12:00 AM",0,1,1,2,80,2,1,7,8,15,0,0,99,99
4366,11,1783,0,1783,0,72,"VIC","Urban","6:00 AM - 12:00 PM",0,1,0,1,161,1,4,3,3,6,0,0,99,99
7123,18,3087,2398,689,0,72,"NSW","Remote","6:00 PM - 12:00 AM",0,1,0,3,37,4,4,10,10,20,0,0,99,99
35,1,157,0,157,0,40,"NSW","Urban","12:00 AM - 6:00 AM",0,1,0,3,168,1,2,1,1,2,0,0,99,99
9454,24,2169,2073,96,1,46,"NT","Urban","6:00 PM - 12:00 AM",0,0,0,2,129,1,5,10,9,19,0,0,99,99
3616,10,3697,1962,1735,0,77,"SA","Urban","6:00 AM - 12:00 PM",0,1,1,3,86,4,1,6,4,10,0,0,99,99
9744,25,1009,0,1009,0,63,"NSW","Remote","12:00 PM - 6:00 PM",0,0,1,2,157,2,4,9,10,19,1,0,99,99
8543,22,921,0,921,1,57,"NSW","Urban","12:00 PM - 6:00 PM",0,1,0,1,33,1,2,2,0,2,0,1,2,1
9400,24,1563,0,1563,1,73,"NSW","Regional","6:00 PM - 12:00 AM",1,1,1,1,114,1,4,10,9,19,0,1,3,1
8140,21,3285,2511,774,1,37,"VIC","Urban","6:00 PM - 12:00 AM",1,0,0,3,44,1,3,7,4,11,0,0,99,99
101,1,1721,1573,148,1,27,"VIC","Urban","12:00 AM - 6:00 AM",0,0,1,3,120,2,5,9,7,16,0,0,99,99
7222,19,2501,1711,790,1,24,"NSW","Regional","6:00 AM - 12:00 PM",0,1,0,3,105,1,4,10,9,19,0,0,99,99
6515,17,1152,0,1152,1,53,"VIC","Urban","6:00 PM - 12:00 AM",1,1,0,3,110,1,3,10,10,20,0,0,99,99
8459,22,2542,1381,1161,0,78,"NT","Urban","6:00 PM - 12:00 AM",1,0,1,3,174,3,2,4,5,9,0,0,99,99
8929,23,1244,0,1244,0,68,"NSW","Urban","6:00 PM - 12:00 AM",0,1,1,2,58,2,4,7,7,14,0,1,5,1
3928,10,3549,2407,1142,1,55,"QLD","Urban","12:00 AM - 6:00 AM",0,1,0,2,168,1,1,0,1,1,0,0,99,99
7854,20,2663,2195,468,0,43,"NSW","Regional","12:00 AM - 6:00 AM",1,1,0,3,147,2,2,8,7,15,0,0,99,99
3223,9,2461,828,1633,0,78,"TAS","Urban","6:00 PM - 12:00 AM",0,1,0,3,36,3,4,4,3,7,1,1,5,0
2006,6,2169,0,2169,1,63,"NSW","Urban","12:00 PM - 6:00 PM",0,0,0,3,134,2,2,5,6,11,0,0,99,99
1411,4,328,0,328,0,22,"TAS","Urban","6:00 AM - 12:00 PM",1,1,0,3,84,1,4,6,7,13,0,0,99,99
9389,24,3082,1913,1169,1,66,"QLD","Urban","6:00 PM - 12:00 AM",1,1,1,3,24,1,3,2,4,6,1,0,99,99
6593,17,1115,0,1115,99,21,"QLD","Urban","6:00 AM - 12:00 PM",1,1,1,2,161,2,2,2,0,2,1,0,99,99
2041,6,2037,2037,0,1,37,"VIC","Urban","12:00 AM - 6:00 AM",0,0,0,3,135,2,3,7,4,11,0,0,99,99
802,3,353,0,353,0,24,"TAS","Urban","12:00 PM - 6:00 PM",0,1,0,3,90,2,4,5,4,9,0,0,99,99
4735,12,2738,1367,1371,1,59,"NSW","Urban","12:00 PM - 6:00 PM",0,1,1,1,139,1,4,9,7,16,1,0,99,99
1368,4,229,0,229,1,24,"WA","Urban","6:00 AM - 12:00 PM",1,1,1,3,42,1,4,8,10,18,1,0,99,99
6025,16,3036,2426,610,1,25,"NSW","Remote","6:00 AM - 12:00 PM",0,0,0,1,142,2,2,9,10,19,0,0,99,99
9119,23,617,0,617,0,58,"NSW","Regional","6:00 AM - 12:00 PM",1,0,1,2,120,1,2,7,7,14,0,0,99,99
9118,23,2086,2086,0,1,35,"SA","Urban","12:00 AM - 6:00 AM",1,1,1,3,29,1,4,3,6,9,1,0,99,99
3658,10,493,0,493,0,38,"VIC","Urban","12:00 PM - 6:00 PM",1,1,0,2,19,2,4,2,4,6,1,0,99,99
2716,7,1591,0,1591,1,33,"NT","Urban","6:00 AM - 12:00 PM",0,0,0,1,167,1,4,2,2,4,1,0,99,99
2059,6,3176,1844,1332,1,39,"VIC","Urban","6:00 AM - 12:00 PM",0,1,1,3,132,3,3,6,4,10,0,0,99,99
5051,13,2064,1676,388,0,72,"VIC","Urban","6:00 AM - 12:00 PM",0,1,0,3,73,1,5,5,5,10,0,0,99,99
4908,13,2559,1461,1098,0,41,"TAS","Urban","6:00 PM - 12:00 AM",1,0,0,3,98,2,2,7,9,16,0,0,99,99
5259,14,377,0,377,0,42,"TAS","Urban","6:00 PM - 12:00 AM",1,1,1,3,141,1,3,9,8,17,0,1,2,1
9105,23,1155,0,1155,0,18,"NSW","Remote","6:00 AM - 12:00 PM",0,0,0,2,60,2,3,5,4,9,0,0,99,99
6841,18,260,0,260,0,61,"NSW","Remote","6:00 PM - 12:00 AM",0,0,0,2,22,2,4,4,3,7,0,0,99,99
299,1,2361,1362,999,1,40,"ACT","Regional","12:00 AM - 6:00 AM",1,0,0,2,72,2,4,4,4,8,0,0,99,99
309,1,647,0,647,1,45,"VIC","Urban","6:00 PM - 12:00 AM",1,1,1,3,138,1,4,6,5,11,0,1,4,0
9170,23,2367,2042,325,99,28,"TAS","Urban","6:00 AM - 12:00 PM",0,1,1,2,124,2,3,10,10,20,1,0,99,99
8214,21,2430,0,2430,1,65,"QLD","Urban","6:00 AM - 12:00 PM",0,1,0,3,73,2,3,5,6,11,0,0,99,99
6631,17,3781,1802,1979,1,33,"TAS","Urban","6:00 AM - 12:00 PM",0,1,0,2,27,1,3,3,2,5,0,0,99,99
4405,12,2523,2250,273,0,34,"NSW","Regional","6:00 PM - 12:00 AM",0,1,1,2,169,1,2,4,6,10,0,0,99,99
8266,21,1154,0,1154,1,66,"TAS","Urban","6:00 AM - 12:00 PM",1,0,1,3,111,2,4,10,8,18,0,1,3,0
2479,7,711,0,711,1,46,"QLD","Urban","12:00 PM - 6:00 PM",1,1,0,3,75,2,4,9,10,19,0,0,99,99
3187,8,354,0,354,0,73,"NSW","Remote","6:00 AM - 12:00 PM",1,0,1,3,101,1,4,6,5,11,0,1,3,0
4820,13,3906,1888,2018,1,44,"NSW","Urban","6:00 AM - 12:00 PM",0,1,0,3,39,1,4,9,8,17,1,0,99,99
1309,4,4065,2303,1762,1,52,"NSW","Urban","6:00 AM - 12:00 PM",0,0,1,1,150,3,4,6,3,9,0,1,2,0
2730,7,1866,1866,0,0,30,"NSW","Remote","12:00 AM - 6:00 AM",0,1,1,3,75,1,2,8,8,16,0,0,99,99
9953,25,3242,2115,1127,1,45,"NSW","Urban","12:00 AM - 6:00 AM",1,1,0,2,56,2,3,8,8,16,0,0,99,99
8647,22,3852,2330,1522,99,45,"NSW","Urban","6:00 PM - 12:00 AM",0,1,1,3,103,2,3,9,8,17,0,0,99,99
248,1,1030,0,1030,1,31,"QLD","Regional","12:00 AM - 6:00 AM",1,0,0,3,66,1,2,7,6,13,0,1,2,0
3952,10,2854,1532,1322,0,68,"NSW","Regional","6:00 PM - 12:00 AM",0,0,1,3,67,1,1,5,7,12,0,0,99,99
7557,19,853,0,853,1,21,"VIC","Urban","6:00 PM - 12:00 AM",0,0,0,2,167,1,3,3,4,7,1,0,99,99
2138,6,2641,2006,635,0,52,"NSW","Regional","6:00 PM - 12:00 AM",0,0,1,3,83,1,2,6,6,12,1,0,99,99
8326,21,2023,1205,818,1,49,"WA","Urban","6:00 AM - 12:00 PM",0,1,1,3,96,1,4,7,5,12,0,0,99,99
2936,8,658,0,658,0,52,"VIC","Urban","6:00 PM - 12:00 AM",1,0,0,3,140,2,4,9,10,19,0,0,99,99
9222,24,3596,1775,1821,1,35,"NT","Urban","6:00 AM - 12:00 PM",0,0,0,2,120,1,2,10,9,19,0,0,99,99
9970,25,249,0,249,1,65,"WA","Urban","6:00 PM - 12:00 AM",1,0,0,3,39,2,3,9,8,17,0,0,99,99
4502,12,2015,1919,96,1,70,"NSW","Remote","6:00 PM - 12:00 AM",0,0,0,3,80,2,3,10,10,20,0,1,1,0
9212,24,348,0,348,1,54,"TAS","Urban","6:00 AM - 12:00 PM",0,1,1,2,71,4,3,8,10,18,0,0,99,99
5697,15,734,0,734,1,35,"NSW","Regional","6:00 AM - 12:00 PM",0,0,0,3,53,1,3,6,2,8,0,0,99,99
391,1,4015,2283,1732,0,49,"WA","Urban","12:00 PM - 6:00 PM",0,0,1,2,84,2,3,10,10,20,0,0,99,99
5414,14,3240,1571,1669,0,52,"SA","Urban","12:00 AM - 6:00 AM",0,0,0,3,147,4,4,8,8,16,1,0,99,99
3124,8,576,0,576,1,31,"NSW","Regional","6:00 AM - 12:00 PM",0,1,1,3,106,1,2,5,3,8,0,0,99,99
455,2,490,0,490,1,26,"ACT","Urban","6:00 PM - 12:00 AM",1,1,0,1,180,2,4,3,3,6,0,1,1,1
11,1,1875,1606,269,0,44,"NSW","Urban","12:00 AM - 6:00 AM",1,1,1,2,162,1,4,7,10,17,1,0,99,99
7094,18,2389,1838,551,0,58,"TAS","Urban","6:00 AM - 12:00 PM",1,0,0,3,60,1,3,7,4,11,0,0,99,99
2662,7,2523,1651,872,99,67,"VIC","Urban","6:00 PM - 12:00 AM",1,1,0,1,86,1,2,5,8,13,0,0,99,99
2253,6,1603,0,1603,1,61,"NSW","Regional","12:00 PM - 6:00 PM",1,1,0,3,43,1,2,4,5,9,0,1,2,1
7865,20,3302,2587,715,0,20,"QLD","Urban","6:00 AM - 12:00 PM",1,1,0,3,27,1,2,1,0,1,0,0,99,99
6069,16,401,0,401,1,23,"SA","Urban","6:00 AM - 12:00 PM",1,1,0,1,180,4,4,4,1,5,0,0,99,99
3177,8,1402,0,1402,1,-99,"VIC","Urban","6:00 PM - 12:00 AM",0,1,1,3,58,1,4,9,6,15,0,0,99,99
6892,18,1430,0,1430,0,40,"NSW","Urban","12:00 AM - 6:00 AM",1,1,1,3,21,2,3,4,2,6,0,0,99,99
3184,8,4061,2442,1619,1,26,"SA","Urban","6:00 PM - 12:00 AM",1,1,0,3,80,1,4,9,9,18,0,0,99,99
9507,24,1438,0,1438,0,19,"SA","Urban","6:00 AM - 12:00 PM",0,0,0,3,113,4,3,9,10,19,0,1,5,0
9363,24,533,0,533,0,67,"NSW","Regional","12:00 AM - 6:00 AM",1,0,0,3,123,4,3,9,10,19,1,0,99,99
1129,3,825,0,825,0,39,"QLD","Urban","6:00 AM - 12:00 PM",1,1,0,3,174,1,3,7,6,13,0,0,99,99
9916,25,1110,0,1110,99,60,"VIC","Urban","12:00 AM - 6:00 AM",0,1,0,1,127,2,2,9,6,15,0,0,99,99
4943,13,3112,2003,1109,0,68,"WA","Urban","6:00 PM - 12:00 AM",0,1,0,3,88,2,3,8,5,13,0,0,99,99
9161,23,3650,1853,1797,0,19,"VIC","Urban","6:00 PM - 12:00 AM",1,1,0,2,157,3,3,9,9,18,0,0,99,99
7906,20,2803,1701,1102,0,35,"NSW","Regional","6:00 AM - 12:00 PM",1,0,0,2,118,2,3,8,4,12,0,0,99,99
5544,14,1204,0,1204,1,51,"WA","Urban","6:00 PM - 12:00 AM",0,1,1,3,108,2,3,5,5,10,0,0,99,99
8821,23,47,0,47,1,31,"NSW","Regional","6:00 AM - 12:00 PM",0,1,0,3,127,1,2,10,10,20,0,0,99,99
6847,18,685,0,685,0,-99,"QLD","Urban","12:00 AM - 6:00 AM",0,0,1,2,125,1,3,10,9,19,0,0,99,99
7968,20,1188,0,1188,1,52,"NSW","Regional","6:00 PM - 12:00 AM",1,1,1,3,162,1,2,4,5,9,0,0,99,99
8769,22,2520,1310,1210,0,45,"NSW","Regional","12:00 PM - 6:00 PM",1,0,1,3,125,4,3,5,5,10,0,0,99,99
3320,9,923,0,923,99,63,"NSW","Regional","12:00 PM - 6:00 PM",1,0,1,2,12,1,3,4,0,4,0,0,99,99
969,3,1817,0,1817,0,56,"VIC","Urban","6:00 AM - 12:00 PM",0,1,0,3,66,1,4,10,10,20,0,1,5,0
7163,18,288,0,288,0,20,"SA","Urban","6:00 PM - 12:00 AM",0,1,0,3,99,4,4,8,4,12,0,0,99,99
2910,8,94,0,94,1,75,"VIC","Urban","6:00 PM - 12:00 AM",1,0,1,3,149,2,3,6,6,12,0,0,99,99
2563,7,70,0,70,0,23,"NSW","Regional","6:00 PM - 12:00 AM",1,1,1,1,94,2,3,8,7,15,1,0,99,99
364,1,1471,1306,165,1,20,"NT","Regional","6:00 PM - 12:00 AM",1,1,1,2,162,2,4,6,10,16,1,0,99,99
7734,20,3084,1668,1416,0,44,"TAS","Urban","6:00 PM - 12:00 AM",0,1,1,1,174,2,2,3,1,4,0,0,99,99
8155,21,2813,1678,1135,1,28,"NT","Urban","6:00 AM - 12:00 PM",0,1,1,3,112,1,2,9,9,18,0,1,2,0
9835,25,2994,1705,1289,0,54,"NSW","Urban","6:00 AM - 12:00 PM",0,0,0,3,19,1,4,3,1,4,0,0,99,99
2628,7,2333,1678,655,1,22,"VIC","Urban","6:00 PM - 12:00 AM",1,0,0,1,74,1,3,5,2,7,0,0,99,99
4173,11,327,0,327,0,53,"SA","Urban","6:00 PM - 12:00 AM",0,1,1,2,143,2,3,4,4,8,1,0,99,99
7100,18,102,0,102,1,19,"TAS","Urban","6:00 PM - 12:00 AM",0,1,0,3,42,3,4,7,9,16,0,0,99,99
265,1,236,0,236,1,59,"TAS","Urban","12:00 AM - 6:00 AM",1,0,0,3,66,1,2,7,7,14,1,0,99,99
7468,19,1818,1818,0,1,61,"NSW","Regional","6:00 PM - 12:00 AM",0,0,1,1,164,1,2,9,9,18,1,0,99,99
4828,13,2944,1392,1552,1,52,"TAS","Urban","12:00 PM - 6:00 PM",0,0,0,3,129,2,4,6,6,12,0,0,99,99
5385,14,1439,0,1439,1,34,"SA","Urban","6:00 AM - 12:00 PM",1,1,0,3,180,1,4,1,2,3,1,0,99,99
6224,16,3039,2423,616,0,64,"NSW","Remote","6:00 PM - 12:00 AM",1,0,0,1,177,1,2,1,0,1,0,0,99,99
2666,7,1022,0,1022,0,20,"VIC","Urban","6:00 PM - 12:00 AM",1,1,1,3,90,3,2,10,9,19,1,0,99,99
7190,18,714,0,714,0,36,"NSW","Regional","12:00 AM - 6:00 AM",0,1,0,3,118,1,2,9,9,18,0,0,99,99
4872,13,2595,1918,677,1,53,"NSW","Remote","6:00 PM - 12:00 AM",0,0,0,3,119,1,4,10,10,20,0,1,3,0
5531,14,3661,1932,1729,1,-99,"SA","Urban","12:00 PM - 6:00 PM",1,1,1,3,89,1,3,10,10,20,0,1,3,1
7932,20,1669,1669,0,1,78,"NSW","Regional","6:00 PM - 12:00 AM",1,0,0,3,31,2,2,4,6,10,1,0,99,99
6269,16,893,0,893,1,71,"QLD","Urban","6:00 PM - 12:00 AM",0,1,1,3,99,2,3,8,10,18,0,0,99,99
7372,19,1387,0,1387,1,30,"VIC","Urban","6:00 PM - 12:00 AM",0,1,1,1,70,4,3,6,8,14,0,0,99,99
2960,8,1747,1747,0,1,72,"VIC","Urban","12:00 AM - 6:00 AM",1,1,1,3,19,2,2,0,5,5,1,0,99,99
6652,17,2843,2008,835,0,76,"VIC","Urban","12:00 AM - 6:00 AM",1,1,1,3,50,3,1,4,4,8,0,0,99,99
165,1,3974,1967,2007,0,41,"NSW","Regional","12:00 AM - 6:00 AM",0,0,1,3,162,2,2,2,2,4,0,0,99,99
7640,20,2493,1708,785,0,18,"NSW","Urban","6:00 PM - 12:00 AM",1,1,1,3,90,1,2,10,10,20,0,0,99,99
626,2,3837,2069,1768,1,52,"NSW","Regional","6:00 PM - 12:00 AM",1,0,0,3,72,1,2,6,3,9,0,0,99,99
97,1,411,0,411,0,23,"QLD","Urban","12:00 AM - 6:00 AM",0,0,0,3,54,1,4,4,8,12,0,0,99,99
9085,23,1379,1379,0,0,52,"NSW","Regional","6:00 AM - 12:00 PM",0,1,0,3,159,1,3,4,2,6,0,0,99,99
6526,17,897,0,897,1,55,"VIC","Urban","6:00 PM - 12:00 AM",0,1,1,1,52,1,3,4,7,11,0,0,99,99
8471,22,780,0,780,0,65,"NSW","Regional","6:00 AM - 12:00 PM",1,0,0,2,143,1,2,5,3,8,0,0,99,99
632,2,3984,2165,1819,1,52,"WA","Urban","6:00 PM - 12:00 AM",0,0,0,3,54,1,3,10,10,20,0,1,5,0
3311,9,3727,2528,1199,1,46,"QLD","Urban","6:00 PM - 12:00 AM",1,1,0,3,144,2,5,5,6,11,0,0,99,99
251,1,280,0,280,1,21,"NSW","Urban","12:00 AM - 6:00 AM",1,1,1,3,180,1,4,3,7,10,0,0,99,99
6359,16,3042,1974,1068,99,71,"NT","Urban","12:00 PM - 6:00 PM",0,0,0,1,98,1,4,9,7,16,1,0,99,99
1491,4,3040,1544,1496,1,58,"VIC","Urban","12:00 PM - 6:00 PM",1,0,1,3,60,4,4,10,10,20,0,0,99,99
1146,3,3416,2123,1293,1,51,"NSW","Urban","6:00 AM - 12:00 PM",1,0,1,3,36,3,3,6,5,11,0,0,99,99
2883,8,2979,1786,1193,1,61,"NSW","Regional","6:00 AM - 12:00 PM",0,1,0,3,39,1,3,3,1,4,1,0,99,99
584,2,4348,2378,1970,0,57,"ACT","Urban","6:00 PM - 12:00 AM",0,0,1,3,138,1,3,9,6,15,0,0,99,99
1549,4,489,0,489,0,24,"SA","Urban","6:00 AM - 12:00 PM",1,1,1,1,66,1,4,10,10,20,0,0,99,99
8483,22,1272,0,1272,0,75,"NSW","Regional","12:00 AM - 6:00 AM",0,1,0,2,179,1,4,4,1,5,0,0,99,99
5588,14,1728,0,1728,0,26,"TAS","Urban","6:00 AM - 12:00 PM",1,0,0,3,50,1,2,8,9,17,0,0,99,99
7459,19,1115,0,1115,0,65,"TAS","Urban","6:00 PM - 12:00 AM",1,1,0,3,86,2,1,5,5,10,0,0,99,99
2886,8,3119,1675,1444,0,51,"QLD","Urban","6:00 PM - 12:00 AM",1,1,0,3,145,1,3,5,5,10,0,0,99,99
5096,13,2900,2472,428,0,21,"QLD","Urban","6:00 PM - 12:00 AM",1,1,0,3,73,4,1,9,6,15,0,1,5,0
8017,21,593,0,593,0,55,"NSW","Regional","12:00 AM - 6:00 AM",1,1,1,3,113,1,3,7,8,15,0,0,99,99
2517,7,1850,0,1850,0,31,"NSW","Regional","6:00 AM - 12:00 PM",1,1,1,2,115,2,3,10,10,20,1,0,99,99
8319,21,1677,0,1677,1,-99,"NSW","Remote","12:00 PM - 6:00 PM",0,1,1,3,25,3,3,4,7,11,1,0,99,99
443,2,4651,2450,2201,0,46,"SA","Remote","6:00 PM - 12:00 AM",0,0,0,1,156,4,2,5,5,10,0,0,99,99
7311,19,1775,1775,0,0,39,"TAS","Urban","6:00 AM - 12:00 PM",0,1,0,3,176,3,4,4,4,8,0,0,99,99
5935,15,3085,2359,726,1,77,"QLD","Urban","6:00 AM - 12:00 PM",1,1,0,2,102,2,2,10,10,20,1,0,99,99
2897,8,679,0,679,1,32,"NSW","Urban","6:00 AM - 12:00 PM",1,1,0,3,87,1,3,10,8,18,1,1,4,1
5706,15,1221,0,1221,0,29,"NSW","Urban","6:00 AM - 12:00 PM",0,0,0,1,21,1,4,4,6,10,0,0,99,99
7197,18,376,0,376,0,77,"QLD","Urban","6:00 AM - 12:00 PM",1,0,1,3,56,2,3,8,6,14,0,0,99,99
1241,4,382,0,382,1,24,"WA","Regional","6:00 AM - 12:00 PM",0,1,0,1,132,2,3,6,1,7,0,0,99,99
2299,6,1347,1246,101,1,62,"NSW","Regional","6:00 AM - 12:00 PM",1,1,1,2,166,1,5,4,5,9,1,0,99,99
5850,15,2425,1741,684,1,55,"NSW","Remote","12:00 PM - 6:00 PM",1,0,0,2,36,2,3,8,10,18,0,0,99,99
3628,10,1406,0,1406,0,67,"WA","Urban","6:00 PM - 12:00 AM",1,0,0,2,64,4,4,8,7,15,0,0,99,99
2030,6,731,0,731,0,58,"WA","Urban","6:00 AM - 12:00 PM",0,1,0,3,88,1,3,8,6,14,0,0,99,99
8623,22,1073,0,1073,0,73,"NSW","Regional","12:00 PM - 6:00 PM",0,0,0,2,22,4,5,4,2,6,1,1,3,0
1624,5,962,0,962,1,34,"TAS","Urban","12:00 PM - 6:00 PM",0,1,0,2,162,1,2,7,6,13,1,0,99,99
3926,10,2244,2047,197,0,29,"NSW","Regional","6:00 AM - 12:00 PM",0,1,1,3,41,1,3,3,4,7,0,0,99,99
6722,17,1338,0,1338,1,68,"NSW","Remote","6:00 PM - 12:00 AM",0,1,0,3,33,1,3,8,5,13,0,0,99,99
6946,18,506,0,506,0,28,"VIC","Urban","12:00 AM - 6:00 AM",0,1,1,3,62,2,3,9,10,19,0,0,99,99
1541,4,4152,2308,1844,1,53,"NSW","Regional","6:00 AM - 12:00 PM",0,0,0,3,30,1,2,0,1,1,0,0,99,99
1846,5,484,0,484,0,27,"NSW","Regional","12:00 PM - 6:00 PM",0,1,1,3,90,1,5,10,10,20,1,1,4,1
1452,4,4245,2051,2194,1,49,"NSW","Remote","6:00 AM - 12:00 PM",1,1,0,3,42,2,3,3,0,3,0,0,99,99
5070,13,1628,1628,0,0,74,"NSW","Regional","6:00 AM - 12:00 PM",0,0,0,3,60,1,2,6,6,12,0,0,99,99
4999,13,1682,0,1682,0,58,"WA","Urban","6:00 PM - 12:00 AM",1,0,1,3,87,1,3,9,10,19,0,0,99,99
3664,10,1068,0,1068,1,20,"VIC","Urban","12:00 PM - 6:00 PM",0,0,1,3,46,2,3,7,7,14,0,0,99,99
8974,23,1890,0,1890,0,78,"VIC","Urban","6:00 PM - 12:00 AM",0,0,1,3,101,3,3,8,7,15,1,0,99,99
1886,5,1916,1606,310,1,35,"NSW","Urban","6:00 PM - 12:00 AM",0,1,1,1,96,1,2,8,5,13,0,0,99,99
8832,23,1212,0,1212,1,20,"QLD","Urban","12:00 PM - 6:00 PM",0,0,0,3,19,1,4,2,1,3,0,1,1,0
4084,11,1534,1203,331,1,51,"VIC","Urban","6:00 PM - 12:00 AM",1,1,0,2,79,1,2,8,8,16,0,0,99,99
3399,9,2530,1817,713,1,69,"VIC","Urban","6:00 AM - 12:00 PM",0,1,0,3,114,1,3,9,10,19,1,0,99,99
5698,15,1071,0,1071,1,67,"VIC","Urban","6:00 PM - 12:00 AM",0,1,1,3,133,1,4,9,10,19,0,1,2,1
2758,7,2286,0,2286,0,65,"VIC","Urban","12:00 AM - 6:00 AM",1,0,0,3,142,3,3,9,10,19,0,0,99,99
4995,13,3397,2039,1358,0,64,"VIC","Urban","6:00 AM - 12:00 PM",1,1,0,3,88,2,4,10,4,14,0,1,2,0
4529,12,2188,0,2188,0,70,"VIC","Urban","12:00 PM - 6:00 PM",0,1,0,3,145,4,4,8,6,14,1,0,99,99
2868,8,305,0,305,0,56,"NSW","Regional","6:00 AM - 12:00 PM",1,0,0,3,56,1,4,10,8,18,0,0,99,99
7343,19,150,0,150,1,38,"NSW","Regional","6:00 AM - 12:00 PM",0,1,0,3,77,1,2,7,8,15,0,0,99,99
7917,20,3433,1760,1673,1,50,"NT","Urban","6:00 PM - 12:00 AM",0,1,1,1,172,1,3,4,5,9,0,0,99,99
3469,9,874,0,874,0,62,"VIC","Urban","6:00 PM - 12:00 AM",0,0,0,3,99,2,2,7,8,15,0,0,99,99
1266,4,3725,1701,2024,0,58,"VIC","Urban","6:00 AM - 12:00 PM",1,0,0,1,72,3,3,7,4,11,0,0,99,99
7552,19,1165,0,1165,1,70,"QLD","Urban","12:00 PM - 6:00 PM",0,1,1,2,101,1,3,10,10,20,0,0,99,99
1761,5,4545,2567,1978,0,57,"NSW","Urban","6:00 PM - 12:00 AM",0,0,0,3,54,4,1,9,9,18,1,0,99,99
4522,12,736,0,736,0,42,"WA","Urban","6:00 PM - 12:00 AM",0,1,0,3,95,3,4,9,10,19,1,0,99,99
3609,10,2461,2461,0,1,78,"NSW","Regional","6:00 AM - 12:00 PM",1,1,1,3,125,2,3,7,10,17,0,0,99,99
3519,9,1053,0,1053,1,-99,"SA","Urban","6:00 AM - 12:00 PM",1,1,0,2,52,1,3,7,6,13,0,0,99,99
3956,10,1029,0,1029,1,64,"SA","Urban","12:00 AM - 6:00 AM",0,0,1,3,86,1,4,10,10,20,0,0,99,99
3481,9,1421,0,1421,1,75,"VIC","Urban","6:00 AM - 12:00 PM",0,1,0,1,75,2,3,7,7,14,0,0,99,99
8653,22,1394,0,1394,0,40,"NSW","Remote","12:00 PM - 6:00 PM",0,1,1,3,67,1,2,8,8,16,0,0,99,99
5322,14,2222,1334,888,1,63,"NSW","Urban","12:00 AM - 6:00 AM",0,1,0,1,128,2,3,7,7,14,0,0,99,99
5791,15,3975,2248,1727,0,48,"VIC","Urban","6:00 AM - 12:00 PM",1,0,0,1,171,2,2,0,0,0,1,0,99,99
7651,20,92,0,92,99,41,"VIC","Urban","12:00 AM - 6:00 AM",1,1,0,3,45,1,2,6,10,16,0,0,99,99
96,1,395,0,395,1,20,"VIC","Regional","12:00 AM - 6:00 AM",0,1,0,2,120,1,3,10,9,19,1,0,99,99
608,2,343,0,343,0,24,"VIC","Urban","6:00 PM - 12:00 AM",1,1,0,1,144,2,1,8,8,16,0,0,99,99
5207,14,4059,1827,2232,0,74,"VIC","Urban","6:00 PM - 12:00 AM",0,0,1,3,158,2,5,7,8,15,0,0,99,99
8716,22,2499,1420,1079,1,54,"SA","Urban","12:00 PM - 6:00 PM",1,1,1,3,68,2,3,10,10,20,0,0,99,99
5241,14,3044,2309,735,1,74,"VIC","Urban","6:00 PM - 12:00 AM",1,0,1,3,23,1,2,1,1,2,0,0,99,99
5628,15,1826,1342,484,1,68,"SA","Urban","6:00 AM - 12:00 PM",1,1,0,3,61,1,3,7,3,10,1,0,99,99
442,2,1951,1466,485,0,44,"QLD","Urban","6:00 PM - 12:00 AM",1,1,1,3,96,2,2,9,9,18,1,0,99,99
2444,7,2169,1726,443,0,33,"WA","Urban","6:00 AM - 12:00 PM",1,1,1,1,141,1,4,7,6,13,0,0,99,99
2307,6,880,0,880,1,49,"NSW","Regional","6:00 PM - 12:00 AM",0,0,0,3,109,2,2,10,10,20,0,1,0,0
9343,24,2435,1880,555,1,20,"NSW","Regional","6:00 PM - 12:00 AM",1,1,1,1,150,1,3,8,9,17,0,0,99,99
1677,5,4823,2792,2031,0,59,"WA","Urban","6:00 PM - 12:00 AM",0,0,1,2,66,2,2,7,6,13,0,0,99,99
9699,25,529,0,529,1,24,"SA","Urban","6:00 PM - 12:00 AM",0,0,1,1,81,1,2,9,7,16,1,0,99,99
6504,17,3308,1308,2000,0,25,"TAS","Urban","6:00 PM - 12:00 AM",0,0,0,3,17,1,2,4,6,10,0,0,99,99
3125,8,2056,1409,647,1,53,"VIC","Urban","6:00 AM - 12:00 PM",1,0,0,3,32,2,2,3,4,7,0,0,99,99
8234,21,2913,2008,905,0,18,"NT","Urban","12:00 AM - 6:00 AM",0,1,0,3,65,1,5,8,6,14,0,0,99,99
8579,22,1745,0,1745,1,43,"NSW","Remote","12:00 PM - 6:00 PM",1,1,0,2,123,4,3,10,8,18,0,0,99,99
107,1,221,0,221,0,55,"ACT","Urban","12:00 AM - 6:00 AM",0,1,0,3,78,1,2,5,4,9,0,0,99,99
4559,12,973,0,973,1,-99,"NSW","Urban","12:00 AM - 6:00 AM",0,0,0,3,82,1,3,10,10,20,0,0,99,99
8835,23,508,0,508,1,35,"VIC","Urban","12:00 PM - 6:00 PM",1,0,1,3,119,3,2,9,7,16,1,0,99,99
6460,17,2137,1656,481,0,26,"NSW","Urban","12:00 PM - 6:00 PM",0,0,0,2,97,4,4,10,10,20,0,0,99,99
4434,12,830,0,830,1,-99,"VIC","Urban","6:00 AM - 12:00 PM",0,1,1,1,81,2,5,10,10,20,0,0,99,99
106,1,1872,1637,235,1,30,"NSW","Urban","12:00 AM - 6:00 AM",1,0,0,1,168,1,4,9,8,17,1,0,99,99
4251,11,2688,1806,882,0,66,"VIC","Urban","12:00 AM - 6:00 AM",1,1,0,1,150,1,3,9,7,16,0,0,99,99
3284,9,703,0,703,1,62,"QLD","Urban","6:00 AM - 12:00 PM",1,1,1,3,104,1,2,10,10,20,0,1,4,0
9340,24,1281,0,1281,99,66,"WA","Urban","12:00 AM - 6:00 AM",1,1,1,3,100,2,3,10,10,20,0,0,99,99
2279,6,416,0,416,0,44,"NT","Urban","12:00 AM - 6:00 AM",0,1,1,2,123,2,3,6,3,9,0,0,99,99
9852,25,1295,0,1295,0,43,"NT","Urban","6:00 AM - 12:00 PM",1,0,0,2,34,1,3,4,2,6,0,0,99,99
8490,22,1033,0,1033,1,52,"QLD","Urban","12:00 AM - 6:00 AM",1,0,1,3,119,2,3,10,10,20,0,0,99,99
649,2,207,0,207,1,46,"NSW","Urban","6:00 PM - 12:00 AM",0,1,0,1,168,1,2,9,4,13,0,0,99,99
5019,13,919,0,919,0,74,"NT","Urban","6:00 AM - 12:00 PM",1,1,0,3,75,1,2,5,3,8,0,0,99,99
4675,12,3690,2275,1415,1,78,"VIC","Urban","12:00 AM - 6:00 AM",0,1,1,3,133,2,3,5,4,9,0,0,99,99
2556,7,1075,0,1075,1,70,"NSW","Regional","6:00 PM - 12:00 AM",0,1,1,3,102,1,4,10,10,20,0,0,99,99
4043,11,1577,1577,0,1,59,"SA","Urban","6:00 PM - 12:00 AM",1,1,0,3,93,4,2,9,6,15,1,0,99,99
3249,9,3549,2055,1494,0,61,"VIC","Urban","6:00 PM - 12:00 AM",0,0,0,3,51,2,4,5,8,13,1,0,99,99
9543,24,2877,1751,1126,1,62,"TAS","Urban","6:00 AM - 12:00 PM",1,1,0,3,109,1,3,5,7,12,0,0,99,99
6521,17,3322,1938,1384,1,72,"NT","Urban","6:00 PM - 12:00 AM",0,1,0,2,121,1,3,9,8,17,0,0,99,99
1628,5,235,0,235,0,19,"VIC","Regional","6:00 PM - 12:00 AM",1,1,0,3,120,2,2,10,10,20,0,0,99,99
4835,13,669,0,669,0,18,"QLD","Urban","6:00 PM - 12:00 AM",1,1,0,1,178,1,3,0,0,0,0,1,5,0
2850,8,3045,1799,1246,1,52,"NSW","Regional","12:00 AM - 6:00 AM",1,0,1,2,122,1,5,10,9,19,0,0,99,99
6920,18,1559,0,1559,0,43,"NT","Urban","6:00 AM - 12:00 PM",1,0,0,1,158,2,2,9,9,18,0,0,99,99
2099,6,3378,1752,1626,0,78,"SA","Urban","12:00 PM - 6:00 PM",1,0,0,3,144,1,2,9,7,16,0,0,99,99
6876,18,2796,2081,715,0,53,"NSW","Regional","12:00 AM - 6:00 AM",1,0,0,3,19,2,3,0,0,0,0,0,99,99
5342,14,3857,1885,1972,1,36,"QLD","Urban","12:00 AM - 6:00 AM",0,0,1,2,157,1,2,7,6,13,0,0,99,99
6341,16,1876,692,1184,0,75,"NSW","Urban","6:00 PM - 12:00 AM",1,1,1,2,105,1,3,10,10,20,0,1,5,1
3525,9,1209,0,1209,0,30,"VIC","Urban","6:00 PM - 12:00 AM",0,1,0,3,39,2,4,6,6,12,0,0,99,99
6692,17,2711,1955,756,1,36,"QLD","Urban","6:00 PM - 12:00 AM",0,1,0,2,88,2,3,9,6,15,1,0,99,99
1420,4,2041,1540,501,1,35,"QLD","Regional","6:00 AM - 12:00 PM",1,1,0,3,180,2,2,0,0,0,0,1,1,0
9337,24,2550,1852,698,1,75,"WA","Urban","6:00 PM - 12:00 AM",1,1,0,3,52,4,3,5,6,11,1,0,99,99
8763,22,1919,1919,0,1,35,"SA","Urban","6:00 PM - 12:00 AM",0,0,1,3,60,1,3,7,3,10,0,0,99,99
5435,14,29,0,29,0,31,"NSW","Regional","12:00 PM - 6:00 PM",0,1,1,3,12,1,2,4,2,6,0,1,4,0
1068,3,3857,1989,1868,1,53,"VIC","Remote","12:00 PM - 6:00 PM",0,0,1,1,42,4,4,3,5,8,0,0,99,99
5655,15,2677,2092,585,0,66,"NSW","Remote","6:00 AM - 12:00 PM",0,1,0,2,145,4,2,10,9,19,1,0,99,99
2334,6,1373,0,1373,1,49,"SA","Urban","6:00 PM - 12:00 AM",1,1,1,3,36,2,2,6,4,10,0,0,99,99
1151,3,977,0,977,0,29,"VIC","Urban","6:00 AM - 12:00 PM",1,1,0,1,114,1,3,7,2,9,0,0,99,99
563,2,4164,2452,1712,0,54,"NSW","Urban","6:00 PM - 12:00 AM",0,0,0,3,30,2,3,3,4,7,0,0,99,99
8062,21,156,0,156,1,49,"NSW","Regional","12:00 PM - 6:00 PM",1,0,1,2,57,2,3,8,8,16,0,0,99,99
1332,4,3473,2072,1401,1,59,"TAS","Urban","6:00 AM - 12:00 PM",0,0,1,3,60,2,2,6,8,14,1,0,99,99
6567,17,3556,1522,2034,0,55,"VIC","Urban","6:00 AM - 12:00 PM",0,0,0,3,56,1,3,9,7,16,0,0,99,99
6604,17,70,0,70,0,72,"VIC","Urban","6:00 PM - 12:00 AM",1,0,0,3,107,1,4,10,5,15,0,0,99,99
8664,22,851,0,851,1,68,"NSW","Regional","6:00 AM - 12:00 PM",0,1,0,3,125,1,4,6,6,12,0,0,99,99
4521,12,2287,2016,271,1,39,"WA","Urban","6:00 PM - 12:00 AM",1,0,1,1,138,3,3,10,10,20,1,1,2,1
8625,22,662,0,662,1,55,"WA","Urban","6:00 PM - 12:00 AM",0,1,0,3,176,2,2,1,2,3,1,0,99,99
2865,8,2981,1840,1141,0,48,"TAS","Urban","6:00 PM - 12:00 AM",0,1,1,3,44,2,2,2,1,3,0,1,1,1
6288,16,2452,2452,0,0,23,"NSW","Regional","6:00 PM - 12:00 AM",0,0,0,3,105,2,2,10,10,20,0,0,99,99
7167,18,2468,1975,493,1,37,"NSW","Urban","6:00 AM - 12:00 PM",0,1,1,1,59,1,3,5,3,8,0,0,99,99
3973,10,3651,1925,1726,1,27,"VIC","Urban","6:00 PM - 12:00 AM",0,0,0,2,123,1,2,9,9,18,1,0,99,99
3094,8,789,0,789,0,65,"NSW","Remote","6:00 PM - 12:00 AM",1,1,0,1,35,1,4,8,6,14,0,0,99,99
2797,7,1574,0,1574,1,52,"NSW","Regional","12:00 AM - 6:00 AM",0,1,1,3,61,1,4,5,3,8,0,0,99,99
6071,16,1213,0,1213,1,45,"NT","Urban","6:00 AM - 12:00 PM",0,1,0,2,71,1,2,6,8,14,0,0,99,99
2251,6,3132,1537,1595,1,-99,"WA","Urban","6:00 PM - 12:00 AM",0,1,0,3,79,1,3,6,7,13,0,1,3,1
1300,4,473,0,473,0,28,"NSW","Urban","6:00 AM - 12:00 PM",1,1,1,3,84,2,3,10,10,20,1,0,99,99
6878,18,1760,1760,0,0,46,"NSW","Remote","6:00 AM - 12:00 PM",0,0,0,3,140,1,2,9,10,19,0,0,99,99
4101,11,1391,0,1391,0,20,"WA","Urban","6:00 PM - 12:00 AM",0,1,1,3,148,1,4,5,8,13,0,0,99,99
8803,23,3370,1529,1841,0,29,"SA","Urban","6:00 AM - 12:00 PM",1,0,0,3,72,1,4,5,5,10,0,0,99,99
9026,23,601,0,601,1,28,"VIC","Urban","6:00 AM - 12:00 PM",1,1,1,2,119,1,4,6,6,12,0,0,99,99
1329,4,382,0,382,1,21,"NSW","Regional","6:00 AM - 12:00 PM",1,1,0,3,54,2,3,6,5,11,0,0,99,99
8441,22,549,0,549,1,47,"NSW","Urban","6:00 AM - 12:00 PM",0,0,0,3,134,4,4,10,10,20,1,0,99,99
2608,7,2103,1813,290,1,72,"NSW","Remote","6:00 PM - 12:00 AM",1,1,0,2,169,2,2,4,2,6,0,0,99,99
2574,7,1420,0,1420,0,27,"NSW","Regional","6:00 AM - 12:00 PM",0,1,1,3,32,1,4,1,4,5,0,0,99,99
1554,4,3561,1676,1885,1,44,"VIC","Urban","6:00 AM - 12:00 PM",0,0,1,2,120,3,4,8,8,16,0,0,99,99
2565,7,3251,2015,1236,0,24,"VIC","Urban","6:00 PM - 12:00 AM",0,0,0,1,165,2,2,7,10,17,1,0,99,99
9995,25,1805,1805,0,1,46,"QLD","Urban","12:00 AM - 6:00 AM",1,0,1,3,153,4,4,2,1,3,0,0,99,99
3626,10,2279,1929,350,1,40,"NSW","Regional","12:00 AM - 6:00 AM",1,0,1,3,59,1,4,9,9,18,0,0,99,99
9324,24,1817,1150,667,0,27,"VIC","Urban","6:00 PM - 12:00 AM",0,1,0,1,34,1,2,0,0,0,0,0,99,99
1646,5,828,0,828,0,40,"VIC","Urban","12:00 PM - 6:00 PM",0,1,0,3,180,2,4,4,3,7,0,0,99,99
459,2,4704,2548,2156,0,46,"NSW","Regional","6:00 PM - 12:00 AM",1,0,0,3,90,3,2,5,8,13,0,0,99,99
6210,16,2307,2078,229,0,74,"NSW","Urban","6:00 PM - 12:00 AM",0,1,1,1,99,1,3,7,5,12,1,0,99,99
3366,9,3317,1719,1598,0,48,"NSW","Regional","12:00 AM - 6:00 AM",0,0,0,1,24,2,2,4,4,8,0,0,99,99
9355,24,2466,933,1533,1,56,"VIC","Urban","12:00 PM - 6:00 PM",1,0,0,3,55,1,3,9,6,15,0,1,2,1
9386,24,2441,2441,0,99,46,"VIC","Urban","6:00 PM - 12:00 AM",1,0,0,3,24,1,2,4,6,10,0,0,99,99
5154,13,1167,0,1167,0,-99,"NSW","Urban","6:00 PM - 12:00 AM",0,1,0,3,171,1,4,2,0,2,0,0,99,99
1562,4,562,0,562,1,28,"NSW","Regional","6:00 AM - 12:00 PM",1,0,0,3,96,2,2,6,4,10,0,0,99,99
6691,17,1203,0,1203,0,27,"WA","Urban","6:00 AM - 12:00 PM",0,0,1,2,113,1,3,10,10,20,0,0,99,99
939,3,1653,1513,140,1,27,"NSW","Regional","6:00 AM - 12:00 PM",1,1,1,3,138,2,3,10,10,20,1,0,99,99
7262,19,1340,0,1340,1,27,"VIC","Urban","6:00 PM - 12:00 AM",0,1,0,3,104,2,3,10,10,20,0,1,5,0
2688,7,4253,1937,2316,0,75,"QLD","Urban","12:00 AM - 6:00 AM",0,1,1,2,59,2,4,9,10,19,0,0,99,99
7327,19,1996,1786,210,99,37,"VIC","Urban","6:00 PM - 12:00 AM",1,1,0,3,125,1,3,10,10,20,0,0,99,99
593,2,3291,1937,1354,1,58,"NSW","Remote","6:00 PM - 12:00 AM",0,0,0,1,114,4,1,6,2,8,0,0,99,99
7235,19,982,0,982,1,76,"VIC","Urban","12:00 AM - 6:00 AM",1,0,1,2,120,1,4,7,5,12,0,0,99,99
9728,25,1798,1372,426,99,36,"TAS","Urban","6:00 AM - 12:00 PM",1,1,1,3,129,2,2,8,6,14,0,1,2,1
4300,11,513,0,513,1,69,"NSW","Regional","12:00 PM - 6:00 PM",0,1,1,1,180,4,3,4,4,8,0,0,99,99
4638,12,1387,0,1387,0,52,"NSW","Remote","12:00 AM - 6:00 AM",0,1,1,1,171,2,2,0,0,0,0,1,4,0
9394,24,3174,2037,1137,0,18,"NSW","Regional","6:00 AM - 12:00 PM",0,0,1,2,18,4,3,0,1,1,1,0,99,99
7181,18,1212,1212,0,0,68,"TAS","Urban","6:00 AM - 12:00 PM",1,1,0,3,102,2,4,10,8,18,0,0,99,99
8363,21,3389,2080,1309,99,57,"NSW","Urban","6:00 PM - 12:00 AM",0,1,0,1,123,2,2,5,6,11,0,0,99,99
9484,24,607,0,607,0,22,"VIC","Urban","6:00 AM - 12:00 PM",1,1,0,2,117,1,4,10,10,20,1,0,99,99
8147,21,3727,2957,770,1,43,"NSW","Regional","6:00 AM - 12:00 PM",0,1,0,3,92,1,3,7,7,14,1,0,99,99
606,2,3778,1859,1919,1,55,"QLD","Regional","6:00 PM - 12:00 AM",0,0,0,1,84,4,2,10,10,20,0,0,99,99
798,2,214,0,214,1,51,"VIC","Urban","6:00 PM - 12:00 AM",1,0,0,3,120,1,3,6,5,11,1,0,99,99
7379,19,671,0,671,0,52,"SA","Urban","6:00 AM - 12:00 PM",0,1,0,3,103,2,3,8,7,15,0,0,99,99
6132,16,2204,2097,107,0,66,"NSW","Regional","6:00 PM - 12:00 AM",0,1,1,3,105,2,2,7,4,11,0,0,99,99
3608,10,1480,0,1480,0,37,"NT","Urban","6:00 PM - 12:00 AM",0,0,1,1,101,1,4,10,10,20,0,0,99,99
1012,3,1491,1249,242,0,41,"ACT","Urban","6:00 AM - 12:00 PM",1,1,1,3,162,1,2,5,4,9,0,0,99,99
7606,20,1443,0,1443,1,20,"NSW","Urban","6:00 AM - 12:00 PM",0,1,0,1,66,1,2,9,8,17,0,0,99,99
6401,17,1516,0,1516,1,73,"QLD","Urban","6:00 PM - 12:00 AM",0,0,0,1,76,4,3,8,6,14,0,0,99,99
7733,20,495,0,495,0,-99,"TAS","Urban","6:00 AM - 12:00 PM",0,1,0,2,113,3,3,10,10,20,0,0,99,99
2880,8,1656,0,1656,1,77,"VIC","Urban","12:00 AM - 6:00 AM",1,1,0,2,133,1,2,9,8,17,1,0,99,99
2646,7,1756,1117,639,1,43,"TAS","Urban","6:00 PM - 12:00 AM",1,0,0,3,31,1,3,4,7,11,0,0,99,99
1496,4,174,0,174,1,56,"NSW","Regional","6:00 AM - 12:00 PM",1,0,1,1,102,1,2,8,8,16,1,0,99,99
8186,21,1064,0,1064,99,35,"NSW","Regional","6:00 AM - 12:00 PM",1,1,0,3,39,2,3,2,3,5,0,0,99,99
413,2,4344,2448,1896,1,57,"VIC","Regional","12:00 PM - 6:00 PM",0,0,0,2,84,2,4,10,10,20,1,0,99,99
6497,17,1529,0,1529,0,62,"NSW","Remote","6:00 PM - 12:00 AM",1,1,1,3,125,1,4,10,10,20,0,0,99,99
623,2,218,0,218,0,24,"NSW","Urban","6:00 PM - 12:00 AM",1,1,0,3,126,1,4,9,7,16,0,0,99,99
9422,24,234,0,234,0,30,"NSW","Urban","6:00 PM - 12:00 AM",1,1,1,2,93,2,2,7,7,14,0,0,99,99
222,1,284,0,284,0,24,"NSW","Urban","12:00 AM - 6:00 AM",1,0,1,1,90,1,3,10,10,20,0,0,99,99
3161,8,2940,1423,1517,0,39,"WA","Urban","6:00 AM - 12:00 PM",0,1,0,3,154,1,2,1,3,4,1,0,99,99
3408,9,2665,1648,1017,0,28,"VIC","Urban","6:00 PM - 12:00 AM",0,1,1,2,140,1,3,9,9,18,0,0,99,99
8954,23,2343,1543,800,1,32,"NSW","Regional","6:00 AM - 12:00 PM",0,0,0,3,69,2,5,10,10,20,0,0,99,99
9968,25,3503,2124,1379,1,23,"NSW","Remote","12:00 AM - 6:00 AM",0,0,0,3,16,1,3,0,0,0,0,0,99,99
1966,5,4179,2195,1984,1,51,"NSW","Urban","6:00 PM - 12:00 AM",0,0,0,3,90,1,3,4,5,9,0,0,99,99
1017,3,2026,1563,463,0,58,"NT","Urban","6:00 AM - 12:00 PM",0,1,0,3,72,1,2,7,7,14,1,0,99,99
4650,12,2793,1707,1086,0,71,"NT","Urban","6:00 AM - 12:00 PM",0,1,1,3,62,1,4,5,7,12,0,0,99,99
5683,15,548,0,548,1,39,"NSW","Remote","6:00 PM - 12:00 AM",1,1,0,3,142,2,5,10,10,20,0,0,99,99
1932,5,4102,2313,1789,0,55,"NSW","Urban","6:00 PM - 12:00 AM",0,0,1,3,72,3,3,10,9,19,1,0,99,99
6500,17,2753,1879,874,1,73,"NSW","Regional","6:00 AM - 12:00 PM",1,1,0,3,155,2,2,5,6,11,0,0,99,99
9621,25,1073,0,1073,1,54,"NSW","Urban","6:00 PM - 12:00 AM",0,1,1,1,168,1,2,0,0,0,1,0,99,99
8863,23,3720,2294,1426,0,63,"VIC","Urban","6:00 AM - 12:00 PM",1,1,1,3,113,2,4,10,9,19,0,0,99,99
5818,15,997,0,997,1,78,"VIC","Urban","6:00 PM - 12:00 AM",1,1,0,2,109,2,4,10,10,20,0,0,99,99
4513,12,1312,0,1312,1,72,"SA","Urban","6:00 PM - 12:00 AM",0,1,0,3,111,2,3,8,7,15,0,0,99,99
6996,18,1045,0,1045,0,32,"NSW","Urban","6:00 AM - 12:00 PM",1,0,1,3,81,1,3,7,7,14,1,0,99,99
9483,24,767,0,767,0,41,"TAS","Urban","6:00 AM - 12:00 PM",0,0,0,3,69,2,2,6,6,12,1,0,99,99
1381,4,1102,0,1102,1,26,"NSW","Regional","6:00 AM - 12:00 PM",0,1,1,1,36,1,3,2,0,2,0,1,1,1
8472,22,3814,2729,1085,0,49,"VIC","Urban","12:00 AM - 6:00 AM",0,1,1,3,131,2,1,4,3,7,0,1,0,0
9611,25,3023,2267,756,0,28,"QLD","Urban","6:00 AM - 12:00 PM",0,1,1,2,88,3,2,6,10,16,0,0,99,99
9053,23,2723,1097,1626,0,66,"QLD","Urban","6:00 AM - 12:00 PM",0,0,1,1,28,2,3,8,7,15,0,0,99,99
2753,7,694,0,694,1,54,"SA","Urban","6:00 PM - 12:00 AM",0,0,1,3,141,1,4,10,10,20,1,0,99,99
1684,5,3121,1780,1341,0,56,"NSW","Urban","6:00 PM - 12:00 AM",0,0,1,3,114,4,4,8,10,18,1,0,99,99
3530,9,615,0,615,1,67,"TAS","Urban","6:00 AM - 12:00 PM",0,1,0,1,55,3,4,9,10,19,0,0,99,99
2979,8,1687,1678,9,0,65,"NT","Urban","12:00 AM - 6:00 AM",1,0,1,3,78,4,2,7,6,13,1,0,99,99
5069,13,2451,1357,1094,1,48,"VIC","Urban","6:00 AM - 12:00 PM",0,1,0,1,85,1,4,6,7,13,0,0,99,99
8960,23,2245,1707,538,1,59,"VIC","Urban","6:00 PM - 12:00 AM",0,0,1,3,30,2,2,6,6,12,0,0,99,99
9910,25,1176,0,1176,0,18,"NSW","Regional","6:00 PM - 12:00 AM",0,1,0,3,47,2,4,6,6,12,0,0,99,99
9655,25,1301,0,1301,1,20,"VIC","Urban","6:00 PM - 12:00 AM",0,1,0,2,138,2,3,10,10,20,0,0,99,99
5741,15,2631,1424,1207,1,38,"NSW","Urban","6:00 PM - 12:00 AM",0,0,0,3,28,2,2,4,7,11,0,0,99,99
6343,16,2727,1837,890,0,57,"NSW","Remote","6:00 AM - 12:00 PM",1,1,0,3,88,4,2,7,8,15,0,0,99,99
204,1,1077,0,1077,1,37,"NSW","Remote","12:00 AM - 6:00 AM",1,1,0,3,132,2,5,10,10,20,1,0,99,99
3096,8,1232,0,1232,0,64,"NSW","Urban","6:00 PM - 12:00 AM",0,1,0,3,154,2,5,4,2,6,0,1,1,0
7892,20,1734,1734,0,1,18,"NSW","Remote","6:00 AM - 12:00 PM",1,1,1,2,29,1,4,9,10,19,0,0,99,99
6970,18,642,0,642,1,22,"NSW","Regional","12:00 PM - 6:00 PM",1,1,1,1,174,1,3,3,5,8,0,1,5,1
8014,21,270,0,270,0,31,"NSW","Regional","12:00 PM - 6:00 PM",1,1,1,3,72,1,2,10,8,18,1,0,99,99
1710,5,2290,1999,291,0,44,"QLD","Regional","6:00 PM - 12:00 AM",0,1,1,3,138,3,3,9,9,18,0,0,99,99
4400,11,286,0,286,1,45,"QLD","Urban","6:00 PM - 12:00 AM",1,1,1,2,142,2,3,8,8,16,0,0,99,99
1603,5,200,0,200,1,21,"NSW","Urban","6:00 AM - 12:00 PM",1,0,1,3,144,1,3,9,10,19,1,0,99,99
8882,23,2959,2031,928,99,-99,"NT","Urban","6:00 PM - 12:00 AM",0,1,0,3,150,1,3,6,8,14,1,0,99,99
2588,7,1929,0,1929,1,75,"VIC","Urban","6:00 PM - 12:00 AM",1,0,1,1,124,3,3,6,7,13,0,0,99,99
2996,8,588,0,588,99,54,"NSW","Regional","6:00 PM - 12:00 AM",0,1,1,2,81,2,5,9,8,17,0,1,0,0
1230,4,216,0,216,0,38,"NSW","Remote","6:00 AM - 12:00 PM",1,1,1,2,108,1,2,4,4,8,0,0,99,99
9890,25,2257,1422,835,0,27,"WA","Urban","6:00 AM - 12:00 PM",1,1,1,3,20,2,3,0,2,2,0,0,99,99
9036,23,2094,0,2094,1,49,"VIC","Urban","6:00 PM - 12:00 AM",0,0,0,3,48,2,4,5,6,11,1,0,99,99
9200,23,2836,2200,636,1,74,"NSW","Regional","6:00 AM - 12:00 PM",0,1,1,3,49,1,3,5,6,11,1,0,99,99
7239,19,1336,0,1336,0,69,"SA","Urban","12:00 AM - 6:00 AM",0,0,1,3,131,2,3,9,8,17,0,0,99,99
5433,14,2665,1945,720,0,72,"NSW","Remote","6:00 PM - 12:00 AM",0,1,1,1,38,4,4,9,8,17,0,0,99,99
8095,21,110,0,110,0,29,"VIC","Urban","6:00 PM - 12:00 AM",0,1,0,3,153,2,3,9,8,17,1,1,3,0
7570,19,740,0,740,1,56,"NSW","Regional","12:00 AM - 6:00 AM",1,1,1,3,139,1,3,7,5,12,1,1,3,0
9546,24,1738,1450,288,1,25,"VIC","Urban","12:00 PM - 6:00 PM",1,1,1,1,77,1,4,9,10,19,0,1,4,0
3544,9,613,0,613,1,19,"NSW","Regional","6:00 PM - 12:00 AM",0,0,0,3,51,1,2,8,10,18,0,0,99,99
6780,17,2919,1214,1705,0,31,"TAS","Urban","6:00 PM - 12:00 AM",0,1,1,2,154,4,3,10,7,17,1,1,3,0
2195,6,1458,0,1458,0,55,"NSW","Urban","6:00 PM - 12:00 AM",0,0,1,3,142,2,4,6,4,10,0,1,0,0
8606,22,1259,0,1259,0,43,"QLD","Urban","12:00 AM - 6:00 AM",0,0,1,1,39,2,3,9,8,17,0,0,99,99
3220,9,2532,1951,581,0,52,"VIC","Urban","6:00 PM - 12:00 AM",1,1,1,2,127,2,4,10,10,20,1,0,99,99
3610,10,894,0,894,1,55,"VIC","Urban","6:00 PM - 12:00 AM",1,1,0,1,74,2,2,6,9,15,1,0,99,99
2561,7,2862,1885,977,99,34,"NSW","Regional","12:00 AM - 6:00 AM",0,0,1,3,93,1,1,8,9,17,0,0,99,99
6321,16,432,0,432,0,55,"NSW","Remote","6:00 PM - 12:00 AM",0,1,1,3,35,2,3,4,6,10,0,0,99,99
6277,16,4643,2380,2263,1,38,"NT","Urban","6:00 PM - 12:00 AM",0,1,0,3,146,2,2,3,3,6,0,0,99,99
3939,10,99,0,99,1,40,"NSW","Regional","6:00 AM - 12:00 PM",1,1,0,3,52,1,2,9,4,13,0,0,99,99
8741,22,1759,0,1759,1,55,"VIC","Urban","12:00 PM - 6:00 PM",1,1,1,2,89,1,2,8,10,18,1,1,2,0
8180,21,2495,2495,0,1,33,"NSW","Regional","6:00 AM - 12:00 PM",1,1,0,2,109,1,4,10,10,20,0,0,99,99
9512,24,301,0,301,0,20,"VIC","Urban","6:00 AM - 12:00 PM",1,0,1,3,12,2,4,4,4,8,0,0,99,99
41,1,1987,1773,214,0,43,"WA","Urban","12:00 AM - 6:00 AM",1,1,1,1,174,1,3,0,0,0,0,1,0,0
5301,14,3371,2243,1128,1,39,"NT","Urban","12:00 PM - 6:00 PM",0,1,1,2,69,1,3,7,7,14,0,0,99,99
5767,15,3038,2073,965,0,36,"NSW","Urban","12:00 PM - 6:00 PM",0,1,0,2,91,3,3,10,9,19,0,0,99,99
6021,16,3125,1922,1203,1,68,"NSW","Regional","12:00 AM - 6:00 AM",1,1,1,3,94,2,2,6,5,11,0,0,99,99
312,1,1465,1114,351,1,37,"VIC","Regional","6:00 PM - 12:00 AM",1,1,0,3,36,2,3,5,1,6,0,0,99,99
7901,20,880,0,880,1,27,"NSW","Remote","6:00 PM - 12:00 AM",1,1,1,1,165,2,4,3,0,3,1,1,1,0
3643,10,3638,2115,1523,1,39,"NSW","Remote","6:00 PM - 12:00 AM",0,1,1,1,26,2,1,2,3,5,0,0,99,99
2430,7,3089,2183,906,1,33,"NT","Urban","6:00 AM - 12:00 PM",0,0,0,2,97,2,2,10,9,19,1,0,99,99
6670,17,2783,1407,1376,0,26,"VIC","Urban","6:00 PM - 12:00 AM",0,1,1,3,86,4,2,6,5,11,0,0,99,99
8032,21,300,0,300,0,60,"VIC","Urban","6:00 PM - 12:00 AM",1,0,1,3,156,3,2,4,5,9,0,0,99,99
9199,23,2545,1643,902,1,65,"NSW","Urban","6:00 AM - 12:00 PM",1,1,0,3,99,2,5,10,10,20,0,0,99,99
3361,9,3032,1736,1296,1,77,"VIC","Urban","12:00 PM - 6:00 PM",0,1,0,2,55,1,4,8,10,18,0,0,99,99
9191,23,446,0,446,1,41,"SA","Urban","6:00 PM - 12:00 AM",0,1,1,3,116,1,1,9,9,18,0,0,99,99
3995,10,3591,1894,1697,1,22,"NSW","Regional","6:00 PM - 12:00 AM",0,1,0,3,40,1,2,5,3,8,0,0,99,99
747,2,194,0,194,1,24,"TAS","Regional","6:00 PM - 12:00 AM",1,0,1,3,36,1,5,9,9,18,0,0,99,99
5672,15,574,0,574,1,62,"NSW","Regional","12:00 PM - 6:00 PM",0,1,0,3,60,1,4,6,1,7,1,0,99,99
7122,18,1133,0,1133,0,58,"NT","Urban","6:00 PM - 12:00 AM",1,1,0,2,39,1,3,5,8,13,1,0,99,99
8005,21,1200,0,1200,1,69,"VIC","Urban","6:00 AM - 12:00 PM",0,1,0,3,94,2,1,9,7,16,1,0,99,99
2841,8,2875,2367,508,0,21,"VIC","Urban","6:00 PM - 12:00 AM",1,1,0,3,63,4,4,7,10,17,0,0,99,99
5917,15,2359,2359,0,1,35,"SA","Urban","6:00 PM - 12:00 AM",0,1,1,1,169,1,2,2,2,4,0,0,99,99
7713,20,2915,1543,1372,0,63,"TAS","Urban","12:00 PM - 6:00 PM",0,1,0,3,70,1,2,8,5,13,1,0,99,99
9874,25,3196,1777,1419,0,47,"NSW","Remote","12:00 PM - 6:00 PM",0,1,0,3,159,1,4,3,2,5,0,0,99,99
3307,9,642,0,642,1,-99,"WA","Urban","6:00 AM - 12:00 PM",0,0,1,3,25,2,5,1,0,1,0,0,99,99
3264,9,3518,2364,1154,1,25,"NSW","Regional","6:00 PM - 12:00 AM",0,1,1,2,163,1,3,8,6,14,0,0,99,99
4254,11,2012,0,2012,1,47,"NSW","Regional","12:00 PM - 6:00 PM",0,0,1,1,132,1,2,7,8,15,1,0,99,99
5103,13,310,0,310,0,66,"QLD","Urban","6:00 PM - 12:00 AM",1,0,0,1,40,3,1,3,0,3,1,0,99,99
4123,11,592,0,592,0,-99,"VIC","Urban","6:00 AM - 12:00 PM",1,1,1,3,180,4,4,2,3,5,1,0,99,99
7856,20,669,0,669,0,41,"VIC","Urban","6:00 PM - 12:00 AM",1,0,1,3,169,3,3,2,2,4,1,0,99,99
3586,9,2537,2026,511,0,38,"VIC","Urban","6:00 PM - 12:00 AM",0,1,0,3,150,3,2,4,2,6,1,1,1,0
6326,16,3311,2422,889,0,76,"QLD","Urban","6:00 AM - 12:00 PM",1,1,0,3,80,3,2,5,4,9,1,0,99,99
5248,14,4421,2181,2240,0,66,"VIC","Urban","6:00 AM - 12:00 PM",1,0,0,1,158,1,3,4,2,6,0,0,99,99
3317,9,798,0,798,1,32,"SA","Urban","6:00 AM - 12:00 PM",1,0,1,1,105,2,2,5,6,11,1,0,99,99
3131,8,1499,0,1499,1,39,"NSW","Regional","6:00 AM - 12:00 PM",1,1,1,2,21,2,3,6,8,14,0,0,99,99
1993,5,734,0,734,1,28,"QLD","Regional","6:00 PM - 12:00 AM",1,1,0,1,168,2,3,7,4,11,0,0,99,99
8519,22,3479,2579,900,1,36,"NSW","Remote","6:00 PM - 12:00 AM",1,0,0,3,18,2,4,1,3,4,1,0,99,99
2328,6,523,0,523,0,60,"NSW","Regional","6:00 PM - 12:00 AM",1,0,1,3,46,1,5,9,7,16,0,0,99,99
5825,15,671,0,671,1,43,"NSW","Urban","6:00 AM - 12:00 PM",1,0,0,3,68,1,2,8,7,15,1,0,99,99
6923,18,3609,2082,1527,1,30,"NSW","Regional","12:00 AM - 6:00 AM",1,0,1,3,160,1,3,7,7,14,1,0,99,99
5886,15,2569,1412,1157,0,29,"VIC","Urban","6:00 AM - 12:00 PM",1,0,1,3,27,1,3,4,5,9,0,0,99,99
748,2,1535,0,1535,1,31,"NT","Regional","6:00 PM - 12:00 AM",1,1,1,3,24,1,4,3,2,5,0,1,0,0
5626,15,833,0,833,0,46,"NSW","Urban","6:00 PM - 12:00 AM",1,1,1,3,96,2,2,5,3,8,0,0,99,99
9979,25,2595,2595,0,1,69,"NSW","Regional","6:00 PM - 12:00 AM",1,1,1,3,91,1,3,10,10,20,0,0,99,99
4962,13,1831,1831,0,1,62,"WA","Urban","6:00 PM - 12:00 AM",1,0,1,3,131,1,1,8,8,16,0,0,99,99
3562,9,1281,0,1281,99,48,"SA","Urban","6:00 PM - 12:00 AM",0,1,0,3,80,2,2,5,5,10,1,0,99,99
2301,6,2860,1750,1110,0,45,"QLD","Urban","6:00 PM - 12:00 AM",0,0,0,2,107,1,4,10,10,20,0,0,99,99
2516,7,2894,1269,1625,0,30,"WA","Urban","6:00 PM - 12:00 AM",0,1,1,3,21,2,3,3,0,3,0,0,99,99
6402,17,1835,0,1835,0,75,"NSW","Remote","6:00 PM - 12:00 AM",1,0,1,3,40,1,4,4,2,6,0,0,99,99
5251,14,1692,1692,0,1,46,"NSW","Regional","6:00 AM - 12:00 PM",0,0,1,2,29,1,3,3,5,8,0,0,99,99
3341,9,3747,1452,2295,0,52,"NSW","Regional","6:00 PM - 12:00 AM",1,0,1,2,22,3,3,4,4,8,1,0,99,99
6116,16,2504,1473,1031,1,-99,"NSW","Regional","12:00 AM - 6:00 AM",1,0,0,2,164,2,1,8,10,18,0,0,99,99
8308,21,225,0,225,0,74,"WA","Urban","12:00 PM - 6:00 PM",0,1,0,3,124,1,3,9,8,17,1,0,99,99
1451,4,726,0,726,1,24,"QLD","Urban","6:00 AM - 12:00 PM",1,0,0,3,72,1,3,6,10,16,1,0,99,99
8041,21,820,0,820,1,21,"NSW","Regional","6:00 AM - 12:00 PM",0,0,0,3,161,1,4,4,6,10,0,0,99,99
5017,13,2524,1722,802,1,77,"NSW","Regional","12:00 AM - 6:00 AM",1,1,1,3,20,2,3,3,5,8,0,0,99,99
8141,21,2750,2071,679,1,47,"NSW","Regional","12:00 PM - 6:00 PM",0,1,1,2,141,2,3,9,3,12,1,0,99,99
246,1,237,0,237,1,48,"QLD","Urban","12:00 AM - 6:00 AM",1,1,1,2,138,1,3,10,10,20,1,0,99,99
3465,9,3018,1767,1251,0,73,"NT","Urban","6:00 AM - 12:00 PM",0,1,0,2,40,4,4,4,3,7,1,0,99,99
5270,14,2596,1986,610,1,60,"QLD","Urban","6:00 AM - 12:00 PM",0,0,1,3,180,1,1,2,1,3,1,0,99,99
7912,20,3927,1601,2326,0,27,"VIC","Urban","12:00 AM - 6:00 AM",0,0,1,3,123,4,4,10,9,19,0,0,99,99
5688,15,1960,0,1960,1,34,"NT","Urban","6:00 PM - 12:00 AM",0,0,0,3,73,1,4,10,10,20,0,0,99,99
4117,11,3149,1585,1564,1,18,"WA","Urban","6:00 PM - 12:00 AM",0,0,0,3,12,2,4,3,3,6,0,1,1,0
1579,4,1234,0,1234,1,39,"NSW","Regional","6:00 AM - 12:00 PM",1,1,0,2,48,1,2,3,3,6,0,0,99,99
9755,25,3170,2453,717,1,24,"VIC","Urban","6:00 AM - 12:00 PM",1,1,0,3,51,1,4,7,8,15,0,0,99,99
5562,14,2545,1491,1054,0,50,"VIC","Urban","6:00 AM - 12:00 PM",0,1,0,3,67,3,2,2,4,6,0,0,99,99
1462,4,2339,1507,832,1,31,"SA","Urban","6:00 AM - 12:00 PM",1,0,0,3,24,1,5,0,1,1,0,1,1,0
2072,6,725,0,725,0,27,"SA","Urban","6:00 PM - 12:00 AM",1,1,0,3,106,2,3,5,7,12,0,0,99,99
6548,17,2342,1356,986,0,75,"SA","Urban","12:00 AM - 6:00 AM",0,0,0,3,48,1,3,6,3,9,0,0,99,99
2789,7,2905,2041,864,1,40,"NSW","Remote","6:00 AM - 12:00 PM",0,1,0,3,123,1,4,8,3,11,0,0,99,99
1767,5,1688,1350,338,1,31,"NSW","Urban","6:00 PM - 12:00 AM",0,1,1,3,120,2,3,8,10,18,1,0,99,99
2618,7,2195,2195,0,1,52,"NSW","Regional","6:00 PM - 12:00 AM",0,0,0,3,127,1,2,8,4,12,0,0,99,99
6330,16,4003,1984,2019,1,43,"QLD","Urban","12:00 PM - 6:00 PM",0,0,1,3,157,2,2,3,2,5,0,0,99,99
3697,10,2461,0,2461,0,72,"NSW","Urban","6:00 AM - 12:00 PM",1,1,0,2,179,3,4,4,6,10,1,0,99,99
8309,21,3361,2203,1158,1,-99,"TAS","Urban","6:00 PM - 12:00 AM",0,1,0,3,157,3,4,4,4,8,1,0,99,99
4662,12,2254,1357,897,1,25,"VIC","Urban","6:00 AM - 12:00 PM",1,0,0,3,39,1,4,7,7,14,1,0,99,99
7991,20,116,0,116,0,63,"NT","Urban","6:00 PM - 12:00 AM",1,1,0,1,72,2,4,10,10,20,0,0,99,99
828,3,1619,1302,317,0,38,"NSW","Remote","6:00 PM - 12:00 AM",1,1,0,3,72,1,3,4,4,8,0,0,99,99
7587,19,1460,0,1460,1,37,"WA","Urban","6:00 PM - 12:00 AM",0,0,0,3,89,1,3,8,7,15,0,0,99,99
9034,23,1810,0,1810,1,43,"NSW","Remote","12:00 AM - 6:00 AM",1,0,0,3,116,1,1,9,10,19,0,0,99,99
2492,7,3660,2434,1226,0,33,"VIC","Urban","12:00 AM - 6:00 AM",0,0,1,1,12,2,3,2,5,7,0,0,99,99
8447,22,2636,1503,1133,99,62,"WA","Urban","6:00 PM - 12:00 AM",1,1,0,1,148,1,2,7,6,13,0,0,99,99
438,2,4102,2131,1971,1,56,"NSW","Urban","6:00 PM - 12:00 AM",1,0,1,3,90,2,2,10,9,19,0,0,99,99
718,2,1929,1685,244,0,31,"WA","Regional","6:00 PM - 12:00 AM",0,1,1,2,90,1,3,7,7,14,0,0,99,99
109,1,3547,1822,1725,0,52,"TAS","Urban","12:00 AM - 6:00 AM",1,0,1,3,174,1,3,2,1,3,0,0,99,99
657,2,1466,1266,200,0,39,"NSW","Urban","12:00 PM - 6:00 PM",1,1,0,3,138,2,2,6,1,7,0,1,1,0
6727,17,541,0,541,1,44,"NSW","Regional","6:00 PM - 12:00 AM",0,1,0,3,86,2,2,5,4,9,0,1,1,0
2159,6,2418,1398,1020,99,21,"VIC","Urban","6:00 PM - 12:00 AM",1,0,0,3,76,4,2,8,8,16,0,0,99,99
5229,14,1107,0,1107,1,62,"NSW","Remote","6:00 AM - 12:00 PM",1,1,0,3,155,4,2,4,3,7,1,0,99,99
8745,22,2552,2036,516,0,-99,"SA","Urban","12:00 PM - 6:00 PM",1,0,0,3,176,2,2,0,1,1,1,0,99,99
5113,13,1018,0,1018,0,30,"NSW","Remote","12:00 PM - 6:00 PM",0,0,0,3,139,2,2,9,8,17,0,1,0,0
1423,4,3445,1937,1508,0,54,"QLD","Regional","6:00 AM - 12:00 PM",0,0,0,3,150,3,2,5,4,9,0,0,99,99
4831,13,1091,0,1091,1,21,"SA","Urban","6:00 AM - 12:00 PM",0,1,1,3,116,1,2,8,9,17,1,0,99,99
3788,10,3682,1992,1690,1,66,"NSW","Regional","6:00 PM - 12:00 AM",0,1,0,3,170,2,4,3,3,6,0,0,99,99
6220,16,2282,1752,530,99,23,"VIC","Urban","6:00 PM - 12:00 AM",0,1,0,2,159,1,4,7,6,13,0,0,99,99
9825,25,493,0,493,0,53,"NSW","Regional","12:00 AM - 6:00 AM",0,1,1,3,12,2,3,4,9,13,0,0,99,99
4541,12,1493,1396,97,1,60,"WA","Urban","6:00 PM - 12:00 AM",1,1,0,1,93,2,3,10,7,17,1,0,99,99
4982,13,1263,1003,260,1,59,"NSW","Urban","6:00 AM - 12:00 PM",1,0,0,3,75,1,3,5,3,8,1,0,99,99
4281,11,957,0,957,0,55,"NSW","Regional","6:00 AM - 12:00 PM",0,0,1,2,152,2,3,8,7,15,1,0,99,99
9489,24,248,0,248,0,74,"VIC","Urban","12:00 PM - 6:00 PM",0,1,0,3,76,2,2,8,9,17,0,0,99,99
7463,19,3233,2246,987,1,25,"VIC","Urban","6:00 PM - 12:00 AM",0,1,1,1,21,1,4,2,4,6,0,0,99,99
6158,16,3768,2526,1242,0,45,"SA","Urban","6:00 PM - 12:00 AM",0,0,1,3,113,2,3,9,10,19,0,0,99,99
7015,18,2781,1726,1055,1,77,"NSW","Remote","6:00 PM - 12:00 AM",1,1,1,3,25,1,3,3,1,4,0,0,99,99
8000,20,3191,1891,1300,0,60,"VIC","Urban","6:00 PM - 12:00 AM",1,1,0,3,157,1,4,6,8,14,0,0,99,99
2027,6,2458,2458,0,0,38,"NSW","Urban","6:00 AM - 12:00 PM",1,0,0,1,136,1,3,5,6,11,0,1,3,0
5586,14,3472,1760,1712,0,33,"NSW","Urban","12:00 AM - 6:00 AM",0,1,1,3,45,3,2,1,0,1,1,0,99,99
9631,25,4098,2171,1927,0,54,"NSW","Regional","6:00 PM - 12:00 AM",1,1,1,3,128,3,2,5,5,10,0,1,2,0
2031,6,428,0,428,1,53,"NSW","Urban","6:00 PM - 12:00 AM",0,1,0,3,117,2,2,9,9,18,0,0,99,99
9385,24,2177,1587,590,1,42,"VIC","Urban","12:00 PM - 6:00 PM",1,1,0,1,97,1,4,7,5,12,1,0,99,99
9859,25,1567,0,1567,1,32,"VIC","Urban","6:00 AM - 12:00 PM",0,0,0,3,124,2,3,8,9,17,0,0,99,99
5915,15,3799,2705,1094,1,50,"VIC","Urban","6:00 PM - 12:00 AM",1,1,0,1,99,4,4,7,4,11,0,1,4,0
6761,17,1759,1759,0,0,39,"VIC","Urban","6:00 PM - 12:00 AM",0,1,1,3,132,2,2,7,10,17,0,0,99,99
160,1,3086,1718,1368,0,54,"WA","Urban","12:00 AM - 6:00 AM",0,0,1,3,162,1,2,5,5,10,1,1,4,0
8341,21,853,0,853,1,65,"VIC","Urban","6:00 PM - 12:00 AM",1,0,0,2,141,2,2,6,5,11,0,1,4,0
859,3,360,0,360,1,22,"WA","Urban","6:00 PM - 12:00 AM",1,0,1,3,150,2,2,7,3,10,0,0,99,99
6239,16,2568,1458,1110,1,-99,"VIC","Urban","6:00 PM - 12:00 AM",1,1,1,2,68,2,4,6,7,13,0,0,99,99
344,1,1726,1381,345,0,42,"QLD","Urban","6:00 PM - 12:00 AM",1,1,0,2,60,2,3,5,5,10,0,0,99,99
7198,18,1296,0,1296,0,61,"QLD","Urban","6:00 PM - 12:00 AM",0,0,0,1,123,3,3,10,10,20,0,0,99,99
1668,5,2197,1228,969,0,50,"VIC","Regional","12:00 PM - 6:00 PM",0,0,1,2,120,2,3,10,8,18,0,0,99,99
252,1,3073,1705,1368,1,48,"NT","Regional","12:00 AM - 6:00 AM",0,0,0,3,42,2,3,8,8,16,1,0,99,99
4196,11,578,0,578,0,55,"SA","Urban","6:00 AM - 12:00 PM",0,0,0,3,44,1,2,8,8,16,0,0,99,99
4088,11,682,0,682,1,53,"NSW","Urban","12:00 PM - 6:00 PM",0,1,0,2,97,4,2,7,5,12,0,0,99,99
712,2,4407,2438,1969,1,54,"NSW","Urban","6:00 PM - 12:00 AM",0,1,0,2,36,3,2,8,5,13,0,0,99,99
9767,25,516,0,516,1,48,"NSW","Regional","6:00 AM - 12:00 PM",0,1,0,1,152,1,3,5,5,10,1,0,99,99
6157,16,1612,1342,270,0,77,"NSW","Remote","12:00 AM - 6:00 AM",0,1,0,3,17,1,3,3,4,7,0,1,4,1
2370,6,3230,2515,715,1,44,"NSW","Regional","12:00 AM - 6:00 AM",0,1,0,1,89,2,1,8,7,15,0,0,99,99
9862,25,845,0,845,1,66,"NSW","Regional","6:00 AM - 12:00 PM",0,1,1,3,118,1,4,7,4,11,1,1,1,0
7125,18,1248,0,1248,1,38,"VIC","Urban","6:00 PM - 12:00 AM",0,0,0,3,104,1,3,10,9,19,1,0,99,99
7254,19,1051,0,1051,0,70,"NT","Urban","6:00 AM - 12:00 PM",0,0,0,2,22,2,3,0,0,0,0,0,99,99
698,2,293,0,293,0,35,"ACT","Regional","6:00 PM - 12:00 AM",0,0,0,2,36,1,3,2,2,4,0,0,99,99
1679,5,184,0,184,1,30,"ACT","Urban","6:00 PM - 12:00 AM",1,1,1,3,180,1,2,5,6,11,0,0,99,99
4616,12,202,0,202,0,55,"QLD","Urban","12:00 AM - 6:00 AM",1,1,1,3,15,2,2,0,1,1,1,0,99,99
1853,5,2927,1543,1384,1,40,"NSW","Regional","6:00 PM - 12:00 AM",1,1,1,3,126,3,5,8,8,16,0,0,99,99
2178,6,1005,0,1005,0,54,"NSW","Urban","6:00 PM - 12:00 AM",1,0,1,3,92,1,2,7,7,14,0,0,99,99
7374,19,1884,0,1884,0,29,"VIC","Urban","12:00 AM - 6:00 AM",1,1,0,3,75,1,4,10,10,20,1,1,2,0
2846,8,567,0,567,1,40,"VIC","Urban","6:00 AM - 12:00 PM",0,0,0,3,129,2,3,10,10,20,0,0,99,99
3011,8,3441,2293,1148,0,64,"NSW","Urban","6:00 PM - 12:00 AM",0,1,1,1,59,1,3,6,9,15,1,0,99,99
8335,21,2339,2339,0,1,27,"NT","Urban","6:00 AM - 12:00 PM",1,0,0,3,165,1,3,1,0,1,1,0,99,99
214,1,4080,2520,1560,0,48,"VIC","Urban","12:00 AM - 6:00 AM",0,0,0,3,144,1,4,8,10,18,1,0,99,99
2683,7,3215,1489,1726,1,57,"NSW","Regional","12:00 AM - 6:00 AM",0,0,0,2,57,1,2,6,7,13,0,1,4,0
327,1,181,0,181,0,25,"VIC","Urban","6:00 PM - 12:00 AM",1,1,1,2,96,1,2,7,8,15,1,0,99,99
2118,6,983,0,983,1,26,"NT","Urban","12:00 AM - 6:00 AM",1,0,0,1,34,1,2,3,0,3,1,0,99,99
7054,18,471,0,471,0,64,"TAS","Urban","6:00 AM - 12:00 PM",0,1,1,3,22,2,3,3,4,7,0,0,99,99
2877,8,3267,2342,925,1,77,"NSW","Regional","6:00 PM - 12:00 AM",0,0,0,3,27,1,3,3,2,5,1,1,1,0
8504,22,2771,2155,616,1,67,"TAS","Urban","12:00 AM - 6:00 AM",1,0,1,2,61,1,3,9,10,19,1,0,99,99
396,1,3683,2037,1646,0,47,"NSW","Urban","6:00 PM - 12:00 AM",0,0,1,2,162,3,2,7,5,12,0,0,99,99
3116,8,2061,1394,667,1,65,"QLD","Urban","6:00 AM - 12:00 PM",0,0,1,2,82,2,3,5,5,10,0,0,99,99
445,2,3920,1950,1970,1,46,"SA","Regional","6:00 PM - 12:00 AM",1,0,0,2,162,2,3,2,6,8,0,0,99,99
3433,9,257,0,257,1,30,"TAS","Urban","6:00 PM - 12:00 AM",1,1,1,3,12,2,3,0,1,1,1,0,99,99
4937,13,859,0,859,1,48,"NSW","Urban","6:00 PM - 12:00 AM",0,0,1,1,31,1,5,7,4,11,0,0,99,99
3085,8,3230,2326,904,1,70,"NT","Urban","6:00 PM - 12:00 AM",0,1,1,3,116,2,3,10,10,20,0,0,99,99
6049,16,1163,0,1163,1,34,"NSW","Remote","12:00 AM - 6:00 AM",1,1,1,3,100,2,2,10,8,18,0,0,99,99
2353,6,1686,0,1686,1,34,"QLD","Urban","6:00 AM - 12:00 PM",0,1,0,3,139,1,3,7,6,13,0,0,99,99
6026,16,1694,1558,136,0,38,"VIC","Urban","6:00 AM - 12:00 PM",1,1,1,3,164,2,2,3,5,8,1,0,99,99
3829,10,2594,1107,1487,0,23,"QLD","Urban","12:00 AM - 6:00 AM",0,1,1,2,73,2,2,9,10,19,0,0,99,99
822,3,868,0,868,1,29,"NSW","Regional","6:00 PM - 12:00 AM",1,1,0,3,108,2,3,7,2,9,0,0,99,99
7050,18,269,0,269,1,78,"NT","Urban","6:00 PM - 12:00 AM",0,1,0,3,52,2,4,7,9,16,0,0,99,99
5914,15,3306,2240,1066,0,32,"TAS","Urban","6:00 PM - 12:00 AM",0,0,0,3,177,2,3,4,4,8,0,0,99,99
5188,13,4214,1737,2477,1,53,"NSW","Urban","6:00 PM - 12:00 AM",1,1,0,3,56,2,3,5,6,11,0,0,99,99
7604,20,769,0,769,99,60,"NSW","Regional","6:00 PM - 12:00 AM",1,0,0,2,21,1,3,0,0,0,1,1,3,0
8213,21,1390,1095,295,0,45,"QLD","Urban","6:00 AM - 12:00 PM",1,0,0,2,163,1,5,5,6,11,0,0,99,99
4035,11,910,0,910,0,27,"NSW","Urban","6:00 PM - 12:00 AM",0,0,0,2,133,1,3,5,8,13,0,0,99,99
6020,16,3275,2117,1158,99,73,"NSW","Regional","12:00 AM - 6:00 AM",1,1,0,1,114,2,3,7,7,14,1,0,99,99
3515,9,630,0,630,1,23,"NSW","Remote","6:00 AM - 12:00 PM",0,0,0,1,180,1,3,4,4,8,0,0,99,99
1959,5,2826,1450,1376,1,34,"NSW","Urban","6:00 PM - 12:00 AM",1,0,0,1,138,3,4,7,7,14,0,0,99,99
3868,10,1719,0,1719,0,41,"WA","Urban","6:00 AM - 12:00 PM",0,0,0,3,117,1,2,5,8,13,0,0,99,99
662,2,3218,1741,1477,0,52,"NSW","Urban","6:00 PM - 12:00 AM",1,1,0,3,120,3,3,5,4,9,0,0,99,99
955,3,306,0,306,1,22,"NSW","Regional","6:00 AM - 12:00 PM",1,1,1,3,66,1,2,5,9,14,0,0,99,99
1030,3,211,0,211,1,24,"SA","Urban","6:00 AM - 12:00 PM",1,1,0,3,66,1,3,6,7,13,0,0,99,99
5293,14,737,0,737,1,59,"QLD","Urban","6:00 PM - 12:00 AM",0,1,1,3,20,3,4,1,1,2,1,0,99,99
5603,15,871,0,871,1,60,"SA","Urban","6:00 AM - 12:00 PM",0,1,0,3,41,2,2,2,2,4,0,0,99,99
4376,11,3080,1930,1150,1,41,"NSW","Regional","6:00 PM - 12:00 AM",0,0,0,1,163,3,4,7,8,15,0,0,99,99
6022,16,3368,2670,698,1,69,"SA","Urban","12:00 PM - 6:00 PM",1,1,1,2,179,2,3,10,10,20,0,0,99,99
3034,8,828,0,828,1,36,"NSW","Regional","6:00 AM - 12:00 PM",1,1,1,3,142,2,4,5,6,11,0,0,99,99
7796,20,903,0,903,1,61,"VIC","Urban","12:00 AM - 6:00 AM",1,1,1,3,15,1,4,2,0,2,1,0,99,99
801,3,252,0,252,0,51,"VIC","Urban","6:00 PM - 12:00 AM",1,0,1,3,180,1,4,1,1,2,0,0,99,99
3903,10,1196,0,1196,1,35,"WA","Urban","6:00 AM - 12:00 PM",0,1,0,3,156,2,3,2,6,8,0,0,99,99
8489,22,2530,1766,764,99,49,"VIC","Urban","6:00 AM - 12:00 PM",0,0,1,2,111,4,2,9,9,18,0,0,99,99
601,2,951,0,951,0,30,"TAS","Urban","6:00 PM - 12:00 AM",0,1,0,3,90,1,3,5,3,8,0,0,99,99
2410,7,2322,1625,697,99,-99,"VIC","Urban","6:00 AM - 12:00 PM",1,1,1,3,139,3,4,8,8,16,0,1,5,0
9510,24,2806,1981,825,1,67,"NSW","Regional","6:00 AM - 12:00 PM",1,0,1,3,149,2,3,7,4,11,1,1,3,0
2909,8,1087,0,1087,1,47,"VIC","Urban","6:00 AM - 12:00 PM",0,1,0,1,51,2,4,7,9,16,0,0,99,99
6545,17,2547,2547,0,1,60,"NSW","Regional","12:00 AM - 6:00 AM",1,1,0,2,149,3,4,7,9,16,0,0,99,99
3268,9,2860,2567,293,0,21,"VIC","Urban","6:00 AM - 12:00 PM",0,0,0,2,18,1,3,0,3,3,1,1,5,0
3576,9,393,0,393,0,63,"WA","Urban","12:00 AM - 6:00 AM",0,1,0,2,148,1,4,9,9,18,0,0,99,99
6624,17,2528,2232,296,0,41,"VIC","Urban","6:00 PM - 12:00 AM",1,0,1,3,134,1,3,9,7,16,1,0,99,99
6478,17,2957,2034,923,1,24,"VIC","Urban","12:00 AM - 6:00 AM",0,0,0,2,145,1,2,5,5,10,0,0,99,99
3105,8,3368,2283,1085,1,50,"TAS","Urban","6:00 PM - 12:00 AM",0,0,1,2,97,4,3,10,10,20,0,0,99,99
8573,22,711,0,711,0,62,"NSW","Regional","6:00 AM - 12:00 PM",0,0,0,3,109,1,3,10,10,20,0,0,99,99
3111,8,3493,2065,1428,1,55,"NSW","Urban","12:00 PM - 6:00 PM",0,1,0,2,76,1,2,9,5,14,1,0,99,99
7300,19,150,0,150,1,36,"NSW","Remote","6:00 PM - 12:00 AM",1,1,0,3,55,2,1,7,5,12,0,0,99,99
777,2,544,0,544,0,26,"NSW","Regional","6:00 PM - 12:00 AM",1,1,1,3,126,1,2,8,5,13,0,0,99,99
5646,15,99,0,99,0,37,"WA","Urban","6:00 PM - 12:00 AM",1,0,1,3,53,2,4,9,10,19,0,0,99,99
5015,13,1979,0,1979,1,24,"NSW","Regional","6:00 PM - 12:00 AM",1,1,0,2,124,1,4,10,9,19,0,0,99,99
5970,15,868,0,868,1,32,"TAS","Urban","6:00 PM - 12:00 AM",0,1,1,1,57,2,3,4,6,10,0,0,99,99
644,2,3804,2217,1587,0,42,"ACT","Regional","6:00 PM - 12:00 AM",0,0,0,2,156,2,3,5,4,9,0,0,99,99
2459,7,2559,2109,450,0,67,"NSW","Regional","6:00 AM - 12:00 PM",1,0,1,3,74,3,3,9,7,16,0,1,5,0
6175,16,1113,0,1113,0,45,"WA","Urban","6:00 PM - 12:00 AM",1,1,1,2,160,1,2,4,6,10,0,0,99,99
3505,9,1155,0,1155,0,66,"NSW","Urban","12:00 PM - 6:00 PM",1,1,0,2,34,2,4,3,3,6,1,0,99,99
1130,3,971,0,971,0,40,"SA","Regional","6:00 AM - 12:00 PM",1,1,1,1,156,1,3,7,10,17,1,0,99,99
4388,11,3397,2078,1319,1,59,"NSW","Regional","6:00 AM - 12:00 PM",1,1,1,3,36,1,3,3,4,7,0,1,4,1
1013,3,286,0,286,0,20,"NSW","Urban","12:00 PM - 6:00 PM",0,1,1,2,54,2,3,6,5,11,0,1,2,1
5198,13,1971,1122,849,1,22,"NSW","Remote","6:00 AM - 12:00 PM",1,0,1,2,106,2,3,9,10,19,0,0,99,99
7157,18,2885,1558,1327,0,71,"NSW","Regional","6:00 AM - 12:00 PM",1,1,1,3,96,2,3,5,5,10,1,0,99,99
7715,20,2789,1762,1027,1,62,"NSW","Urban","6:00 PM - 12:00 AM",0,1,1,3,129,1,5,7,7,14,0,0,99,99
4036,11,2080,1819,261,1,48,"VIC","Urban","12:00 PM - 6:00 PM",1,1,0,3,86,1,2,9,10,19,0,0,99,99
4673,12,697,0,697,0,18,"NT","Urban","6:00 PM - 12:00 AM",1,1,1,2,46,1,2,4,6,10,1,0,99,99
2358,6,851,0,851,1,36,"SA","Urban","6:00 PM - 12:00 AM",0,1,0,3,72,2,1,8,7,15,0,0,99,99
7847,20,2001,992,1009,1,44,"VIC","Urban","6:00 AM - 12:00 PM",0,1,1,1,88,2,3,9,7,16,0,0,99,99
6719,17,1986,1443,543,0,20,"NSW","Remote","12:00 PM - 6:00 PM",1,0,0,3,31,1,3,5,5,10,0,0,99,99
6785,17,736,0,736,1,39,"NSW","Regional","6:00 PM - 12:00 AM",1,1,1,1,66,1,3,6,4,10,0,0,99,99
9591,24,2718,1641,1077,1,71,"NSW","Remote","6:00 PM - 12:00 AM",1,1,1,3,56,2,4,9,10,19,0,0,99,99
1529,4,4371,2411,1960,0,44,"NT","Urban","6:00 AM - 12:00 PM",0,0,0,2,102,3,4,10,9,19,0,0,99,99
8220,21,3107,1958,1149,1,18,"NSW","Urban","6:00 PM - 12:00 AM",1,1,0,3,95,1,4,10,10,20,0,0,99,99
4276,11,672,0,672,0,65,"VIC","Urban","6:00 PM - 12:00 AM",1,1,0,3,60,1,2,9,9,18,1,0,99,99
6174,16,4145,2205,1940,0,37,"NSW","Regional","6:00 AM - 12:00 PM",1,0,0,3,168,2,3,2,3,5,0,0,99,99
6268,16,2637,2273,364,1,40,"QLD","Urban","12:00 AM - 6:00 AM",1,1,0,3,34,1,4,1,3,4,0,1,2,0
559,2,216,0,216,1,20,"NSW","Urban","6:00 PM - 12:00 AM",0,1,0,3,162,1,2,8,8,16,1,0,99,99
3093,8,1870,1870,0,1,-99,"SA","Urban","6:00 PM - 12:00 AM",0,1,0,3,50,2,2,9,9,18,0,0,99,99
4440,12,671,0,671,0,34,"NSW","Regional","6:00 AM - 12:00 PM",0,1,1,3,169,1,3,3,5,8,0,0,99,99
6998,18,2673,2026,647,1,58,"NSW","Regional","6:00 AM - 12:00 PM",0,1,1,3,97,1,3,7,6,13,1,0,99,99
9062,23,723,0,723,1,36,"NT","Urban","12:00 PM - 6:00 PM",0,0,0,3,155,1,3,5,9,14,1,0,99,99
6164,16,1692,1692,0,1,49,"WA","Urban","6:00 PM - 12:00 AM",0,0,0,2,88,4,2,10,9,19,1,0,99,99
9602,25,1660,0,1660,0,-99,"TAS","Urban","6:00 PM - 12:00 AM",0,0,1,3,47,1,3,9,10,19,0,0,99,99
9243,24,1728,0,1728,0,32,"NSW","Regional","6:00 PM - 12:00 AM",0,0,0,3,150,4,3,6,5,11,0,0,99,99
5460,14,2300,1842,458,1,59,"NT","Urban","6:00 PM - 12:00 AM",0,1,0,3,135,1,3,8,8,16,1,0,99,99
9479,24,2317,1716,601,0,76,"QLD","Urban","6:00 AM - 12:00 PM",0,1,0,3,69,1,2,8,10,18,0,0,99,99
3496,9,2432,2371,61,0,22,"VIC","Urban","6:00 AM - 12:00 PM",0,0,1,3,20,1,2,1,3,4,0,0,99,99
6732,17,1058,0,1058,0,47,"NSW","Urban","6:00 PM - 12:00 AM",1,1,1,3,74,1,1,5,5,10,0,1,2,0
4233,11,3215,1415,1800,1,70,"NSW","Regional","6:00 PM - 12:00 AM",0,1,0,2,89,4,1,6,3,9,0,1,5,1
1906,5,4768,2673,2095,1,56,"NSW","Remote","6:00 PM - 12:00 AM",1,0,0,3,180,1,4,0,0,0,0,0,99,99
8275,21,3944,1852,2092,0,56,"VIC","Urban","6:00 PM - 12:00 AM",1,1,1,3,82,1,4,10,10,20,0,0,99,99
9388,24,2654,2059,595,0,37,"SA","Urban","12:00 PM - 6:00 PM",0,1,0,2,124,1,3,9,6,15,1,0,99,99
8966,23,2160,1906,254,0,66,"NSW","Urban","6:00 AM - 12:00 PM",0,1,0,3,163,1,2,4,4,8,0,0,99,99
7032,18,1272,0,1272,1,26,"NSW","Remote","6:00 PM - 12:00 AM",1,0,0,3,88,3,2,7,7,14,0,0,99,99
6333,16,3949,2546,1403,1,25,"VIC","Urban","6:00 AM - 12:00 PM",0,0,0,3,69,2,2,10,10,20,1,1,5,0
3070,8,1556,0,1556,1,35,"NSW","Regional","6:00 PM - 12:00 AM",0,1,1,1,64,1,3,5,8,13,1,0,99,99
8170,21,1251,0,1251,0,37,"VIC","Urban","6:00 PM - 12:00 AM",1,1,1,1,69,1,2,5,6,11,1,0,99,99
1530,4,2816,1613,1203,0,37,"ACT","Urban","6:00 AM - 12:00 PM",1,1,0,1,102,4,4,9,7,16,0,0,99,99
1747,5,4358,2345,2013,0,60,"QLD","Urban","6:00 PM - 12:00 AM",1,0,1,3,78,4,3,10,10,20,1,0,99,99
5931,15,543,0,543,1,21,"NSW","Urban","6:00 PM - 12:00 AM",1,1,0,2,114,2,4,10,10,20,0,0,99,99
377,1,3167,1792,1375,0,58,"VIC","Urban","6:00 PM - 12:00 AM",0,1,0,1,132,3,3,4,4,8,0,0,99,99
6795,17,3931,1912,2019,1,69,"NSW","Remote","6:00 PM - 12:00 AM",0,1,0,1,52,1,4,8,10,18,1,0,99,99
6696,17,1908,1908,0,1,74,"NSW","Urban","6:00 PM - 12:00 AM",0,1,0,3,18,1,2,3,3,6,0,0,99,99
6068,16,2402,1696,706,1,57,"TAS","Urban","6:00 AM - 12:00 PM",0,0,0,3,163,4,3,7,8,15,0,0,99,99
6932,18,873,0,873,0,58,"NSW","Regional","6:00 AM - 12:00 PM",1,1,0,3,37,2,3,9,9,18,0,0,99,99
3370,9,737,0,737,1,66,"SA","Urban","6:00 AM - 12:00 PM",0,0,0,3,155,1,3,4,8,12,0,0,99,99
2803,8,1289,0,1289,1,46,"WA","Urban","12:00 PM - 6:00 PM",1,0,0,3,29,2,2,0,1,1,0,0,99,99
7637,20,2434,1870,564,0,72,"QLD","Urban","6:00 PM - 12:00 AM",0,1,0,1,21,1,2,0,0,0,1,0,99,99
2010,6,1436,0,1436,0,39,"VIC","Urban","6:00 PM - 12:00 AM",0,1,0,1,31,1,3,3,4,7,0,1,2,0
3568,9,1392,0,1392,1,19,"NSW","Urban","6:00 PM - 12:00 AM",1,1,0,3,145,2,3,5,3,8,0,0,99,99
819,3,205,0,205,0,50,"NSW","Urban","6:00 PM - 12:00 AM",1,0,0,3,30,1,5,8,8,16,0,0,99,99
3306,9,2773,1944,829,1,59,"WA","Urban","6:00 PM - 12:00 AM",0,1,0,2,107,1,3,10,8,18,0,0,99,99
5635,15,1286,0,1286,1,41,"NSW","Regional","6:00 PM - 12:00 AM",0,1,0,3,18,1,3,0,0,0,0,0,99,99
4105,11,2581,1864,717,1,41,"NSW","Regional","6:00 PM - 12:00 AM",0,0,0,3,93,1,4,10,6,16,0,1,4,1
7754,20,1672,0,1672,1,54,"SA","Urban","6:00 AM - 12:00 PM",1,1,1,3,18,1,3,4,6,10,0,0,99,99
6529,17,1744,0,1744,1,45,"NSW","Remote","6:00 PM - 12:00 AM",1,1,1,3,137,1,2,6,7,13,1,0,99,99
6256,16,3049,1733,1316,1,69,"NSW","Regional","6:00 PM - 12:00 AM",1,1,0,2,179,1,5,4,2,6,1,0,99,99
9405,24,1015,0,1015,0,36,"NSW","Urban","12:00 PM - 6:00 PM",1,0,1,3,42,1,3,4,5,9,0,0,99,99
4959,13,2163,0,2163,1,38,"VIC","Urban","6:00 AM - 12:00 PM",0,0,0,2,64,1,4,6,8,14,1,1,4,0
9561,24,34,0,34,0,31,"VIC","Urban","6:00 AM - 12:00 PM",0,1,0,1,128,4,4,9,9,18,0,0,99,99
784,2,2237,1873,364,0,35,"NSW","Urban","6:00 PM - 12:00 AM",1,1,0,3,162,2,3,3,6,9,1,0,99,99
2487,7,816,0,816,0,62,"TAS","Urban","12:00 PM - 6:00 PM",0,1,1,3,38,1,3,7,6,13,1,0,99,99
9844,25,1326,0,1326,1,24,"WA","Urban","6:00 AM - 12:00 PM",0,1,0,3,44,1,1,4,6,10,1,0,99,99
8249,21,2270,2270,0,0,-99,"VIC","Urban","6:00 AM - 12:00 PM",0,1,1,2,40,2,2,4,5,9,1,0,99,99
6568,17,3339,2051,1288,1,53,"NSW","Regional","12:00 AM - 6:00 AM",1,1,0,3,104,2,2,7,6,13,0,0,99,99
7290,19,391,0,391,1,53,"WA","Urban","6:00 PM - 12:00 AM",0,0,1,3,124,1,3,10,10,20,0,0,99,99
9263,24,1255,0,1255,0,71,"NSW","Urban","6:00 AM - 12:00 PM",0,1,0,3,108,4,3,10,9,19,1,1,5,1
6586,17,1419,0,1419,0,19,"NT","Urban","6:00 PM - 12:00 AM",1,1,0,3,100,3,4,10,8,18,1,0,99,99
8837,23,1515,0,1515,1,71,"WA","Urban","6:00 PM - 12:00 AM",0,0,0,3,107,1,2,10,10,20,0,1,5,0
908,3,166,0,166,0,20,"VIC","Urban","6:00 AM - 12:00 PM",1,1,0,3,42,1,3,3,2,5,0,1,0,0
8568,22,348,0,348,0,68,"NT","Urban","6:00 AM - 12:00 PM",0,1,0,3,163,4,3,4,5,9,0,0,99,99
9297,24,3214,1998,1216,99,37,"QLD","Urban","6:00 PM - 12:00 AM",0,0,1,2,127,2,3,10,9,19,0,0,99,99
9556,24,8,0,8,1,52,"VIC","Urban","6:00 PM - 12:00 AM",1,1,0,1,81,2,4,10,10,20,0,0,99,99
3087,8,1812,0,1812,1,69,"WA","Urban","6:00 AM - 12:00 PM",0,0,0,3,53,1,4,6,5,11,0,1,3,0
6749,17,2365,1687,678,0,51,"NSW","Regional","6:00 PM - 12:00 AM",1,0,0,3,105,1,2,8,8,16,0,0,99,99
399,1,1048,0,1048,1,43,"ACT","Regional","6:00 PM - 12:00 AM",1,1,1,1,18,2,2,0,0,0,0,0,99,99
1480,4,205,0,205,0,21,"WA","Urban","12:00 PM - 6:00 PM",0,1,0,1,150,1,3,3,3,6,0,0,99,99
8397,21,2795,1520,1275,1,42,"VIC","Urban","6:00 PM - 12:00 AM",1,1,1,1,77,1,2,6,3,9,1,0,99,99
3035,8,2717,1865,852,1,40,"SA","Urban","6:00 PM - 12:00 AM",0,1,1,1,53,1,2,1,0,1,0,1,5,0
242,1,1839,1547,292,1,36,"QLD","Urban","12:00 AM - 6:00 AM",1,0,1,3,162,2,4,10,9,19,1,0,99,99
7189,18,2926,2077,849,1,60,"VIC","Urban","6:00 PM - 12:00 AM",1,0,0,2,119,3,3,7,6,13,1,0,99,99
9731,25,3579,2268,1311,0,37,"NSW","Regional","6:00 AM - 12:00 PM",0,1,1,3,179,1,3,0,3,3,1,0,99,99
8862,23,1357,0,1357,1,18,"NSW","Urban","6:00 PM - 12:00 AM",0,1,1,3,24,1,4,4,5,9,0,0,99,99
3413,9,1415,0,1415,0,74,"QLD","Urban","6:00 AM - 12:00 PM",0,1,1,3,16,1,2,0,2,2,0,0,99,99
1538,4,4222,2311,1911,1,47,"NSW","Regional","6:00 AM - 12:00 PM",0,0,1,2,54,2,3,5,5,10,0,0,99,99
2212,6,916,0,916,99,29,"VIC","Urban","6:00 AM - 12:00 PM",0,1,1,3,44,3,3,7,8,15,0,0,99,99
4102,11,924,0,924,1,36,"NSW","Regional","6:00 PM - 12:00 AM",0,1,1,1,91,1,4,6,5,11,0,0,99,99
7941,20,1238,0,1238,1,33,"NT","Urban","6:00 PM - 12:00 AM",0,1,0,2,174,1,2,3,5,8,0,0,99,99
8525,22,3892,1922,1970,0,52,"NT","Urban","6:00 PM - 12:00 AM",0,1,1,2,136,4,4,7,5,12,0,0,99,99
5081,13,1951,1477,474,0,39,"NSW","Urban","6:00 PM - 12:00 AM",1,1,0,3,130,4,3,9,10,19,0,0,99,99
388,1,179,0,179,0,55,"QLD","Urban","6:00 PM - 12:00 AM",1,1,0,3,18,1,3,0,0,0,0,0,99,99
3052,8,4225,1958,2267,0,77,"WA","Urban","6:00 AM - 12:00 PM",0,1,1,3,95,2,2,5,7,12,0,0,99,99
8152,21,1596,0,1596,1,62,"QLD","Urban","6:00 PM - 12:00 AM",0,1,0,2,145,3,4,8,7,15,0,0,99,99
1021,3,251,0,251,0,23,"TAS","Urban","6:00 AM - 12:00 PM",1,1,1,3,30,1,4,8,8,16,1,0,99,99
7397,19,2797,2177,620,1,60,"VIC","Urban","6:00 AM - 12:00 PM",1,1,1,3,149,3,4,9,9,18,0,0,99,99
3452,9,1422,0,1422,0,29,"TAS","Urban","6:00 PM - 12:00 AM",0,1,1,1,109,2,2,10,9,19,0,0,99,99
5849,15,1281,0,1281,1,32,"VIC","Urban","6:00 PM - 12:00 AM",1,1,1,2,159,3,1,8,10,18,0,0,99,99
9313,24,1446,1446,0,1,49,"NSW","Regional","6:00 AM - 12:00 PM",0,0,0,3,113,2,2,5,9,14,0,1,3,1
9999,25,1986,1986,0,0,70,"NSW","Regional","12:00 PM - 6:00 PM",1,0,0,3,140,1,4,9,8,17,0,0,99,99
722,2,200,0,200,1,41,"ACT","Regional","6:00 PM - 12:00 AM",0,0,0,1,48,1,4,4,4,8,0,0,99,99
2931,8,2284,1613,671,0,45,"VIC","Urban","6:00 PM - 12:00 AM",1,1,0,2,174,1,4,4,1,5,0,0,99,99
6694,17,871,0,871,1,44,"WA","Urban","6:00 AM - 12:00 PM",0,0,0,3,68,2,2,5,6,11,0,0,99,99
9659,25,1836,1248,588,0,24,"NSW","Regional","6:00 PM - 12:00 AM",1,0,0,1,118,2,3,5,4,9,0,0,99,99
6151,16,2057,2057,0,0,55,"NSW","Urban","12:00 AM - 6:00 AM",1,1,1,3,144,1,3,8,5,13,0,0,99,99
4815,13,3488,2468,1020,0,-99,"NSW","Regional","6:00 AM - 12:00 PM",1,0,0,3,73,1,2,8,7,15,1,0,99,99
230,1,444,0,444,1,28,"VIC","Urban","12:00 AM - 6:00 AM",1,0,1,3,120,1,3,1,5,6,0,0,99,99
4038,11,1746,0,1746,1,64,"WA","Urban","12:00 AM - 6:00 AM",0,1,0,1,45,2,4,3,5,8,0,0,99,99
9106,23,3971,1966,2005,1,67,"QLD","Urban","6:00 PM - 12:00 AM",0,1,0,3,173,1,3,0,3,3,0,0,99,99
7974,20,912,0,912,1,21,"NSW","Regional","6:00 PM - 12:00 AM",0,0,1,1,63,1,2,9,10,19,0,0,99,99
3944,10,2891,2104,787,1,57,"WA","Urban","6:00 AM - 12:00 PM",1,1,1,1,62,2,4,8,10,18,1,0,99,99
1009,3,909,0,909,0,45,"VIC","Urban","6:00 AM - 12:00 PM",1,1,0,3,78,2,3,6,5,11,0,0,99,99
9482,24,988,0,988,0,-99,"VIC","Urban","12:00 AM - 6:00 AM",0,0,0,1,60,3,2,7,6,13,0,0,99,99
3163,8,2940,2864,76,1,32,"VIC","Urban","12:00 AM - 6:00 AM",0,1,1,2,124,1,4,10,10,20,1,0,99,99
1099,3,1016,0,1016,0,36,"WA","Remote","6:00 AM - 12:00 PM",1,1,0,3,168,1,5,7,7,14,0,0,99,99
1326,4,256,0,256,1,24,"SA","Urban","6:00 AM - 12:00 PM",1,1,1,3,102,2,1,9,8,17,1,0,99,99
5341,14,1348,0,1348,1,35,"NSW","Urban","6:00 AM - 12:00 PM",1,1,0,3,17,1,2,0,0,0,0,0,99,99
2702,7,1952,0,1952,1,-99,"QLD","Urban","6:00 AM - 12:00 PM",1,0,0,1,107,1,2,8,6,14,0,0,99,99
1482,4,1557,0,1557,0,31,"QLD","Regional","6:00 AM - 12:00 PM",1,0,0,3,96,2,2,7,2,9,0,0,99,99
8787,22,1148,0,1148,0,20,"QLD","Urban","6:00 PM - 12:00 AM",1,1,1,2,116,1,3,10,10,20,0,1,4,1
839,3,2826,1687,1139,1,60,"SA","Regional","6:00 PM - 12:00 AM",0,1,0,3,168,4,2,0,0,0,0,0,99,99
7645,20,1456,1246,210,0,30,"SA","Urban","6:00 AM - 12:00 PM",0,0,0,1,166,1,4,9,10,19,1,0,99,99
4580,12,205,0,205,1,47,"QLD","Urban","6:00 PM - 12:00 AM",1,0,0,3,126,1,5,5,9,14,1,0,99,99
1184,3,327,0,327,1,24,"NSW","Urban","6:00 AM - 12:00 PM",0,1,1,3,24,2,2,1,3,4,0,0,99,99
8126,21,1806,1806,0,1,56,"NSW","Urban","6:00 PM - 12:00 AM",1,1,0,3,98,2,3,9,10,19,0,0,99,99
9881,25,1613,1613,0,1,38,"WA","Urban","6:00 PM - 12:00 AM",1,1,0,2,23,2,3,0,0,0,0,1,1,0
2719,7,741,0,741,0,33,"SA","Urban","6:00 PM - 12:00 AM",0,1,1,3,123,1,4,5,9,14,0,0,99,99
1983,5,195,0,195,1,24,"NSW","Urban","6:00 PM - 12:00 AM",1,1,1,3,66,1,4,6,6,12,0,0,99,99
1508,4,2996,1820,1176,1,42,"NSW","Urban","6:00 AM - 12:00 PM",0,0,0,2,108,1,4,10,7,17,0,0,99,99
4358,11,2065,1648,417,0,34,"NSW","Urban","6:00 AM - 12:00 PM",1,0,0,3,136,2,3,6,4,10,0,0,99,99
4811,13,913,0,913,1,41,"VIC","Urban","6:00 PM - 12:00 AM",1,1,1,3,73,1,3,10,10,20,0,0,99,99
543,2,424,0,424,1,27,"NSW","Urban","6:00 PM - 12:00 AM",1,1,0,2,138,1,2,9,8,17,1,0,99,99
714,2,1392,0,1392,0,36,"QLD","Regional","6:00 PM - 12:00 AM",0,0,1,3,24,1,3,1,1,2,0,1,1,1
1564,4,294,0,294,1,56,"NSW","Urban","6:00 AM - 12:00 PM",1,0,0,3,66,1,3,10,10,20,0,0,99,99
2191,6,1566,1537,29,1,77,"QLD","Urban","6:00 PM - 12:00 AM",1,1,1,3,39,3,3,7,8,15,0,0,99,99
9266,24,1143,0,1143,0,69,"NSW","Remote","12:00 AM - 6:00 AM",0,1,1,1,165,2,3,4,3,7,0,0,99,99
8161,21,962,0,962,0,18,"SA","Urban","6:00 AM - 12:00 PM",1,1,0,3,149,1,4,8,7,15,1,1,2,0
8273,21,715,0,715,1,29,"WA","Urban","6:00 PM - 12:00 AM",0,1,0,3,72,1,3,8,8,16,0,0,99,99
5420,14,2896,1429,1467,1,44,"NSW","Regional","6:00 PM - 12:00 AM",0,1,1,2,143,4,3,8,8,16,0,0,99,99
9411,24,2103,1318,785,1,29,"NSW","Regional","6:00 PM - 12:00 AM",0,0,0,3,20,2,3,4,5,9,1,0,99,99
6202,16,3243,2277,966,1,52,"NSW","Regional","6:00 PM - 12:00 AM",1,1,1,1,89,1,3,9,9,18,0,0,99,99
215,1,1455,1455,0,1,29,"NSW","Urban","12:00 AM - 6:00 AM",1,1,1,1,120,2,4,10,10,20,1,0,99,99
4646,12,2666,2036,630,0,19,"NSW","Regional","6:00 AM - 12:00 PM",1,1,0,1,173,1,3,0,1,1,0,1,1,0
3879,10,938,0,938,1,35,"VIC","Urban","12:00 PM - 6:00 PM",0,0,0,1,31,1,3,10,10,20,1,0,99,99
1792,5,279,0,279,1,22,"SA","Regional","6:00 PM - 12:00 AM",0,1,0,3,60,1,2,2,2,4,0,0,99,99
355,1,3412,1973,1439,1,60,"VIC","Regional","6:00 PM - 12:00 AM",0,0,1,1,102,4,2,7,4,11,0,0,99,99
9667,25,3287,2314,973,0,-99,"TAS","Urban","6:00 PM - 12:00 AM",0,0,0,1,162,3,4,6,8,14,0,0,99,99
2181,6,2408,2024,384,1,57,"TAS","Urban","6:00 PM - 12:00 AM",1,1,0,3,160,1,4,9,8,17,0,0,99,99
6370,16,2976,1913,1063,0,36,"NT","Urban","6:00 AM - 12:00 PM",0,1,0,3,132,2,2,5,9,14,0,0,99,99
8597,22,3011,2002,1009,1,63,"QLD","Urban","6:00 PM - 12:00 AM",1,1,0,3,115,1,3,5,5,10,0,1,3,0
3692,10,2432,2242,190,1,45,"NSW","Regional","6:00 AM - 12:00 PM",1,1,0,3,88,1,3,5,7,12,1,0,99,99
6941,18,3909,1880,2029,1,73,"NSW","Urban","12:00 AM - 6:00 AM",0,0,0,3,19,2,3,0,1,1,1,0,99,99
6075,16,327,0,327,1,76,"WA","Urban","6:00 AM - 12:00 PM",1,0,0,3,56,1,2,7,9,16,1,0,99,99
9017,23,2756,1605,1151,1,24,"NT","Urban","6:00 AM - 12:00 PM",0,0,1,1,148,4,3,7,7,14,0,0,99,99
8305,21,3319,2324,995,1,75,"NT","Urban","6:00 PM - 12:00 AM",0,1,1,3,93,1,5,10,10,20,1,0,99,99
4179,11,1382,0,1382,0,58,"NSW","Remote","12:00 AM - 6:00 AM",0,0,0,2,165,2,2,3,3,6,1,0,99,99
2891,8,664,0,664,1,19,"NSW","Urban","12:00 AM - 6:00 AM",0,1,1,1,87,3,3,5,4,9,0,0,99,99
2641,7,1796,0,1796,1,35,"NSW","Regional","6:00 AM - 12:00 PM",0,0,0,2,152,1,3,5,3,8,1,0,99,99
635,2,400,0,400,1,28,"NSW","Regional","12:00 PM - 6:00 PM",0,1,0,3,162,2,3,0,0,0,0,1,0,0
494,2,3251,1831,1420,0,49,"NSW","Regional","6:00 PM - 12:00 AM",0,0,0,2,138,4,2,10,10,20,0,0,99,99
2823,8,3624,1639,1985,0,32,"NSW","Remote","12:00 AM - 6:00 AM",1,0,0,3,61,3,1,7,8,15,1,0,99,99
8102,21,979,0,979,1,48,"NSW","Remote","6:00 AM - 12:00 PM",0,1,0,2,99,1,4,9,7,16,0,0,99,99
4901,13,3077,1996,1081,99,71,"QLD","Urban","6:00 AM - 12:00 PM",1,1,1,2,105,2,2,9,7,16,0,0,99,99
4762,12,2865,2068,797,0,75,"NSW","Regional","6:00 AM - 12:00 PM",1,0,1,3,151,2,4,8,10,18,0,0,99,99
4060,11,1052,0,1052,0,65,"NT","Urban","12:00 AM - 6:00 AM",1,1,1,3,35,2,4,6,6,12,0,0,99,99
6814,18,4286,2394,1892,1,44,"NSW","Regional","12:00 PM - 6:00 PM",1,0,0,3,44,1,2,7,9,16,1,0,99,99
5285,14,3722,2482,1240,0,47,"TAS","Urban","6:00 PM - 12:00 AM",0,1,0,2,18,2,3,2,4,6,0,1,2,0
9725,25,2651,1341,1310,0,21,"QLD","Urban","12:00 AM - 6:00 AM",0,1,0,3,169,1,5,3,3,6,0,0,99,99
9872,25,2970,1858,1112,1,77,"NSW","Regional","6:00 PM - 12:00 AM",1,1,0,1,41,2,3,3,2,5,0,1,5,1
9433,24,3341,2272,1069,1,32,"NSW","Urban","12:00 PM - 6:00 PM",0,1,0,2,83,2,4,9,10,19,1,1,4,0
8224,21,3873,2626,1247,1,44,"QLD","Urban","6:00 PM - 12:00 AM",0,0,0,2,149,1,3,9,10,19,1,0,99,99
3141,8,2450,1880,570,1,70,"NSW","Remote","6:00 PM - 12:00 AM",0,0,1,3,76,1,1,7,6,13,0,0,99,99
2867,8,3404,2363,1041,1,64,"VIC","Urban","12:00 PM - 6:00 PM",1,1,0,3,13,1,2,1,0,1,0,0,99,99
5908,15,2457,1419,1038,0,56,"WA","Urban","6:00 PM - 12:00 AM",0,0,0,3,31,2,2,2,1,3,0,0,99,99
4986,13,1626,0,1626,0,75,"NT","Urban","6:00 AM - 12:00 PM",0,1,0,3,170,4,3,10,6,16,0,0,99,99
7244,19,1666,0,1666,1,64,"NSW","Remote","6:00 PM - 12:00 AM",0,1,0,3,99,2,3,7,8,15,0,0,99,99
3304,9,1939,1522,417,0,-99,"NT","Urban","6:00 PM - 12:00 AM",1,1,0,1,30,3,2,4,5,9,1,0,99,99
1729,5,493,0,493,1,39,"NSW","Urban","6:00 PM - 12:00 AM",1,1,0,3,48,2,3,5,4,9,0,0,99,99
9413,24,2593,1942,651,0,42,"VIC","Urban","6:00 AM - 12:00 PM",1,0,1,3,15,1,2,0,1,1,0,0,99,99
1721,5,140,0,140,0,31,"NT","Urban","6:00 PM - 12:00 AM",1,1,0,1,96,1,2,9,9,18,1,0,99,99
4991,13,1060,0,1060,0,56,"QLD","Urban","6:00 PM - 12:00 AM",0,1,1,3,60,2,2,6,5,11,0,0,99,99
8851,23,1964,1673,291,0,21,"NSW","Regional","6:00 AM - 12:00 PM",1,1,1,1,33,1,2,4,0,4,0,0,99,99
1968,5,353,0,353,1,24,"VIC","Regional","12:00 PM - 6:00 PM",0,1,1,3,144,1,3,3,2,5,0,0,99,99
1939,5,964,0,964,0,27,"NSW","Regional","6:00 PM - 12:00 AM",0,0,0,2,144,2,3,10,10,20,1,0,99,99
7303,19,1553,0,1553,1,71,"SA","Urban","12:00 AM - 6:00 AM",1,1,0,3,32,2,1,4,2,6,0,0,99,99
868,3,4795,2624,2171,0,51,"NSW","Urban","12:00 PM - 6:00 PM",1,0,0,3,66,2,3,10,9,19,0,0,99,99
6361,16,2449,1855,594,1,56,"NSW","Remote","12:00 PM - 6:00 PM",1,1,0,2,13,1,3,0,0,0,0,0,99,99
4956,13,2615,1537,1078,1,68,"WA","Urban","6:00 AM - 12:00 PM",1,1,0,3,54,2,3,9,10,19,0,1,4,0
6870,18,978,0,978,1,30,"TAS","Urban","6:00 AM - 12:00 PM",1,1,1,2,76,1,3,10,9,19,1,0,99,99
4284,11,2018,2018,0,0,66,"VIC","Urban","6:00 PM - 12:00 AM",0,0,1,3,169,3,4,7,8,15,0,0,99,99
3539,9,784,0,784,0,58,"NT","Urban","6:00 PM - 12:00 AM",0,0,0,3,15,4,4,6,7,13,1,0,99,99
6750,17,576,0,576,1,66,"VIC","Urban","6:00 PM - 12:00 AM",1,1,0,3,170,2,2,3,2,5,0,0,99,99
3050,8,1798,1035,763,0,65,"NSW","Regional","6:00 PM - 12:00 AM",0,0,1,3,120,3,2,7,8,15,0,0,99,99
9565,24,1906,0,1906,1,26,"VIC","Urban","6:00 PM - 12:00 AM",1,0,0,2,124,4,3,5,7,12,0,0,99,99
4741,12,2311,1892,419,0,18,"VIC","Urban","12:00 AM - 6:00 AM",1,0,1,3,135,3,3,7,10,17,1,1,4,1
8164,21,483,0,483,0,36,"SA","Urban","6:00 PM - 12:00 AM",1,0,1,2,174,3,4,4,6,10,1,1,1,1
6828,18,3373,1850,1523,1,24,"VIC","Urban","6:00 PM - 12:00 AM",0,1,0,3,54,3,2,1,1,2,0,0,99,99
2653,7,269,0,269,1,29,"NSW","Remote","12:00 PM - 6:00 PM",1,0,1,1,179,2,2,2,0,2,0,1,5,0
2176,6,3458,2000,1458,0,44,"SA","Urban","6:00 AM - 12:00 PM",1,1,0,3,111,3,3,6,8,14,0,0,99,99
510,2,4462,1970,2492,1,52,"ACT","Urban","6:00 PM - 12:00 AM",0,0,0,2,168,4,3,4,7,11,0,0,99,99
431,2,1020,0,1020,1,40,"NT","Urban","6:00 PM - 12:00 AM",1,1,0,3,72,1,3,7,7,14,0,0,99,99
9813,25,2986,2040,946,0,46,"NSW","Urban","12:00 PM - 6:00 PM",0,0,1,3,119,4,5,10,9,19,1,0,99,99
5887,15,1737,0,1737,1,53,"NSW","Remote","6:00 AM - 12:00 PM",1,0,1,1,100,1,5,10,10,20,0,0,99,99
4207,11,551,0,551,1,41,"NSW","Regional","6:00 PM - 12:00 AM",0,1,1,3,132,3,3,7,6,13,1,0,99,99
9408,24,668,0,668,0,31,"NSW","Regional","6:00 PM - 12:00 AM",1,0,1,1,90,2,3,7,9,16,0,1,4,0
8365,21,425,0,425,1,55,"NT","Urban","6:00 PM - 12:00 AM",1,1,1,3,133,2,2,7,7,14,1,0,99,99
237,1,162,0,162,0,27,"NSW","Urban","12:00 AM - 6:00 AM",1,1,1,3,174,1,1,5,7,12,1,0,99,99
2806,8,1399,0,1399,0,74,"SA","Urban","6:00 PM - 12:00 AM",0,1,0,3,178,2,2,0,0,0,0,0,99,99
50,1,194,0,194,0,38,"VIC","Regional","12:00 AM - 6:00 AM",0,1,0,2,48,1,4,4,5,9,0,0,99,99
5276,14,2585,1976,609,0,41,"VIC","Urban","6:00 PM - 12:00 AM",1,0,0,3,133,3,3,7,8,15,0,0,99,99
6991,18,2975,2586,389,1,23,"WA","Urban","6:00 AM - 12:00 PM",1,1,0,2,153,2,5,6,4,10,1,0,99,99
1425,4,3710,2054,1656,0,46,"NT","Regional","6:00 AM - 12:00 PM",1,1,0,2,162,2,4,6,6,12,1,0,99,99
9688,25,1020,0,1020,0,67,"NSW","Regional","6:00 PM - 12:00 AM",0,0,0,3,105,1,2,9,7,16,1,0,99,99
616,2,3631,1962,1669,1,54,"NSW","Urban","6:00 PM - 12:00 AM",1,0,1,2,114,1,2,10,10,20,1,0,99,99
710,2,3315,1806,1509,1,45,"NSW","Regional","6:00 PM - 12:00 AM",1,0,0,3,126,1,1,2,3,5,0,1,2,0
2254,6,3528,1918,1610,0,-99,"NSW","Regional","6:00 PM - 12:00 AM",1,0,1,3,149,1,2,6,6,12,0,0,99,99
5864,15,3021,2171,850,1,19,"SA","Urban","6:00 PM - 12:00 AM",0,0,1,2,41,2,3,8,10,18,1,0,99,99
3992,10,954,0,954,1,51,"NT","Urban","6:00 PM - 12:00 AM",1,1,1,3,109,2,4,5,6,11,1,1,4,0
6449,17,265,0,265,1,73,"QLD","Urban","12:00 AM - 6:00 AM",0,1,1,1,145,1,1,8,10,18,1,0,99,99
3167,8,2703,2703,0,1,27,"NSW","Regional","6:00 PM - 12:00 AM",1,1,1,1,62,2,4,9,10,19,0,0,99,99
1265,4,975,0,975,0,39,"NSW","Remote","6:00 AM - 12:00 PM",0,1,0,2,132,2,2,4,2,6,0,0,99,99
5835,15,2109,1540,569,1,48,"VIC","Urban","6:00 PM - 12:00 AM",1,1,0,3,91,1,2,10,10,20,0,1,5,0
1469,4,317,0,317,1,21,"TAS","Urban","12:00 PM - 6:00 PM",1,1,1,1,156,2,4,6,6,12,0,0,99,99
1645,5,1101,0,1101,1,45,"VIC","Urban","6:00 PM - 12:00 AM",1,1,0,1,54,1,1,8,8,16,1,0,99,99
3181,8,1790,1790,0,1,-99,"NSW","Regional","12:00 PM - 6:00 PM",1,0,1,3,137,3,4,6,7,13,1,1,5,0
595,2,3163,1796,1367,1,53,"NSW","Regional","6:00 PM - 12:00 AM",0,0,0,3,132,3,4,10,10,20,0,0,99,99
7079,18,2977,1870,1107,1,68,"NSW","Regional","6:00 PM - 12:00 AM",1,1,0,3,178,2,4,4,0,4,0,1,4,0
895,3,206,0,206,0,39,"WA","Remote","6:00 AM - 12:00 PM",1,1,0,3,30,1,4,4,6,10,0,0,99,99
5319,14,1289,0,1289,1,51,"WA","Urban","12:00 AM - 6:00 AM",0,0,0,3,42,1,2,4,1,5,0,0,99,99
6968,18,2169,1248,921,1,65,"VIC","Urban","12:00 PM - 6:00 PM",0,1,1,1,130,2,5,10,8,18,1,0,99,99
758,2,247,0,247,0,34,"TAS","Urban","6:00 PM - 12:00 AM",1,1,0,2,72,1,2,2,4,6,0,0,99,99
8951,23,2681,1906,775,1,41,"NSW","Remote","6:00 PM - 12:00 AM",0,0,1,3,119,1,1,10,10,20,1,0,99,99
9525,24,1483,0,1483,99,72,"NSW","Regional","6:00 AM - 12:00 PM",1,0,0,3,162,1,4,7,8,15,0,0,99,99
84,1,198,0,198,0,22,"NSW","Urban","12:00 AM - 6:00 AM",0,0,1,3,144,1,2,9,8,17,0,0,99,99
9232,24,3571,1518,2053,0,48,"NSW","Regional","6:00 AM - 12:00 PM",0,0,0,3,48,1,4,7,4,11,0,0,99,99
1226,4,1810,1475,335,0,38,"SA","Urban","6:00 AM - 12:00 PM",0,1,0,3,24,2,4,3,0,3,0,0,99,99
2478,7,3361,1735,1626,0,36,"NSW","Regional","6:00 AM - 12:00 PM",0,0,0,2,140,1,4,9,7,16,0,1,5,1
1319,4,1616,1292,324,1,38,"VIC","Urban","6:00 AM - 12:00 PM",0,1,1,3,84,2,2,4,4,8,0,0,99,99
8196,21,4345,2388,1957,99,23,"QLD","Urban","6:00 PM - 12:00 AM",0,0,1,3,112,2,5,10,10,20,0,0,99,99
4798,12,1416,0,1416,1,56,"QLD","Urban","6:00 AM - 12:00 PM",0,0,1,3,144,2,2,10,8,18,0,1,4,0
9108,23,1956,1956,0,0,59,"WA","Urban","6:00 PM - 12:00 AM",1,1,1,1,148,1,3,8,9,17,1,0,99,99
3010,8,780,0,780,99,59,"NT","Urban","6:00 PM - 12:00 AM",0,1,1,3,105,2,3,9,8,17,0,0,99,99
5087,13,1574,1210,364,0,33,"SA","Urban","6:00 AM - 12:00 PM",0,1,1,3,72,4,2,8,9,17,0,0,99,99
1746,5,914,0,914,0,28,"QLD","Urban","12:00 PM - 6:00 PM",1,1,1,2,60,1,3,6,2,8,0,0,99,99
9383,24,1379,0,1379,0,65,"WA","Urban","6:00 AM - 12:00 PM",0,1,1,3,126,2,2,10,10,20,1,0,99,99
4660,12,2197,2197,0,0,35,"SA","Urban","6:00 PM - 12:00 AM",1,0,1,2,99,1,2,9,10,19,0,1,2,0
1200,3,4647,2638,2009,0,52,"NT","Urban","6:00 AM - 12:00 PM",0,0,1,3,24,1,4,9,8,17,0,0,99,99
2023,6,806,0,806,0,64,"NSW","Regional","6:00 AM - 12:00 PM",0,0,1,1,152,4,4,7,7,14,0,0,99,99
3168,8,488,0,488,1,69,"VIC","Urban","6:00 AM - 12:00 PM",0,1,0,2,43,1,3,5,8,13,1,0,99,99
5585,14,3161,2137,1024,0,58,"NSW","Regional","6:00 PM - 12:00 AM",1,0,0,3,64,4,3,8,8,16,0,1,3,0
4182,11,3232,2445,787,0,19,"SA","Urban","6:00 PM - 12:00 AM",0,1,1,2,105,2,3,8,6,14,0,0,99,99
6432,17,2283,1336,947,0,33,"NSW","Regional","12:00 PM - 6:00 PM",0,0,0,2,131,4,2,10,10,20,0,0,99,99
2629,7,1704,0,1704,0,68,"QLD","Urban","12:00 PM - 6:00 PM",1,1,0,1,72,2,2,6,7,13,0,1,4,0
8285,21,27,0,27,1,44,"NSW","Regional","6:00 AM - 12:00 PM",0,0,1,3,164,1,2,1,0,1,0,0,99,99
4190,11,2435,1159,1276,1,29,"NSW","Regional","6:00 PM - 12:00 AM",1,1,1,3,114,2,4,10,9,19,0,0,99,99
9802,25,3109,2578,531,0,41,"NSW","Remote","6:00 AM - 12:00 PM",0,1,0,3,134,1,1,4,2,6,0,1,1,0
6686,17,3013,2262,751,0,20,"VIC","Urban","6:00 AM - 12:00 PM",1,1,0,3,66,4,3,8,9,17,1,0,99,99
7164,18,2915,2333,582,0,57,"NSW","Urban","12:00 PM - 6:00 PM",1,0,0,3,93,2,3,10,9,19,0,1,4,0
4037,11,2099,0,2099,0,77,"VIC","Urban","12:00 AM - 6:00 AM",0,1,0,3,76,2,4,5,4,9,0,0,99,99
9323,24,3596,2263,1333,0,46,"NSW","Urban","12:00 PM - 6:00 PM",1,1,0,3,79,1,2,6,5,11,0,1,4,0
5035,13,414,0,414,0,48,"VIC","Urban","6:00 AM - 12:00 PM",0,1,1,1,109,1,3,10,7,17,1,0,99,99
8755,22,3288,1896,1392,0,40,"NSW","Urban","6:00 PM - 12:00 AM",1,0,1,2,64,2,4,6,5,11,0,0,99,99
3895,10,1700,1700,0,1,78,"NSW","Regional","12:00 AM - 6:00 AM",0,0,1,1,124,1,2,6,6,12,0,0,99,99
8101,21,1616,0,1616,0,77,"NSW","Remote","6:00 AM - 12:00 PM",1,1,1,2,116,2,3,7,8,15,0,0,99,99
7674,20,1374,0,1374,0,75,"TAS","Urban","6:00 PM - 12:00 AM",1,0,0,1,180,3,2,0,1,1,1,0,99,99
3080,8,4235,2125,2110,0,50,"VIC","Urban","12:00 PM - 6:00 PM",0,0,0,3,146,1,2,8,9,17,0,0,99,99
9891,25,2839,2201,638,1,22,"WA","Urban","6:00 PM - 12:00 AM",0,1,0,3,30,2,5,4,3,7,1,1,5,1
8927,23,4393,2553,1840,0,29,"NSW","Regional","6:00 PM - 12:00 AM",0,1,0,2,119,2,2,9,8,17,0,0,99,99
3537,9,2346,0,2346,1,65,"NSW","Urban","6:00 PM - 12:00 AM",0,1,0,1,37,1,5,3,1,4,1,1,3,1
7429,19,1235,1235,0,0,21,"NSW","Regional","6:00 PM - 12:00 AM",0,1,0,1,157,1,4,4,2,6,0,0,99,99
3310,9,2100,1009,1091,0,-99,"QLD","Urban","6:00 PM - 12:00 AM",0,1,0,3,90,1,2,9,10,19,0,0,99,99
4577,12,1362,0,1362,0,45,"SA","Urban","6:00 AM - 12:00 PM",1,1,0,3,125,1,5,7,6,13,0,0,99,99
7730,20,411,0,411,0,68,"NSW","Remote","6:00 AM - 12:00 PM",0,0,0,3,45,3,3,7,7,14,0,0,99,99
360,1,628,0,628,0,40,"VIC","Urban","6:00 PM - 12:00 AM",1,1,1,1,126,1,3,5,5,10,0,1,3,1
9906,25,1961,1711,250,0,72,"TAS","Urban","12:00 PM - 6:00 PM",0,0,1,2,77,1,3,10,10,20,1,0,99,99
7517,19,1780,0,1780,1,22,"NSW","Regional","6:00 AM - 12:00 PM",0,1,0,3,158,2,3,8,7,15,0,0,99,99
7842,20,2716,1501,1215,0,39,"VIC","Urban","6:00 PM - 12:00 AM",0,0,0,3,117,2,4,10,10,20,0,0,99,99
7055,18,2317,1569,748,0,27,"QLD","Urban","6:00 AM - 12:00 PM",0,0,1,3,60,1,2,5,6,11,0,0,99,99
2088,6,609,0,609,0,72,"NSW","Urban","6:00 PM - 12:00 AM",1,1,1,3,56,4,2,7,6,13,1,0,99,99
9589,24,2996,1375,1621,0,30,"SA","Urban","6:00 AM - 12:00 PM",0,1,0,1,40,1,3,6,5,11,1,1,3,0
992,3,1434,0,1434,0,51,"VIC","Regional","6:00 AM - 12:00 PM",0,1,1,3,84,4,2,9,8,17,1,0,99,99
1613,5,1613,1280,333,0,35,"TAS","Urban","12:00 PM - 6:00 PM",0,1,0,3,108,2,5,8,8,16,1,0,99,99
7687,20,2517,1677,840,0,45,"NSW","Urban","6:00 PM - 12:00 AM",1,0,0,3,88,1,2,7,4,11,0,0,99,99
9196,23,916,0,916,1,53,"NSW","Regional","12:00 AM - 6:00 AM",0,1,0,3,55,4,4,4,3,7,0,0,99,99
8396,21,894,0,894,0,18,"QLD","Urban","6:00 PM - 12:00 AM",0,0,0,2,122,1,3,5,4,9,0,0,99,99
3753,10,3183,2122,1061,1,44,"NSW","Urban","12:00 AM - 6:00 AM",1,0,1,3,24,1,3,0,0,0,0,0,99,99
1443,4,3538,1991,1547,1,57,"VIC","Urban","6:00 AM - 12:00 PM",1,0,0,3,60,4,4,4,2,6,0,0,99,99
336,1,335,0,335,1,20,"WA","Urban","12:00 PM - 6:00 PM",1,1,0,3,138,1,2,7,6,13,1,0,99,99
9840,25,3052,1652,1400,1,22,"NSW","Regional","6:00 PM - 12:00 AM",0,0,0,3,88,4,4,10,10,20,0,0,99,99
1539,4,3986,2002,1984,0,50,"ACT","Urban","6:00 AM - 12:00 PM",0,0,0,3,138,1,2,8,10,18,0,0,99,99
1812,5,518,0,518,1,28,"TAS","Urban","6:00 PM - 12:00 AM",0,1,0,1,66,2,3,5,4,9,0,0,99,99
5091,13,1208,0,1208,1,76,"WA","Urban","12:00 AM - 6:00 AM",1,1,0,3,146,1,3,7,3,10,0,0,99,99
4620,12,1109,0,1109,0,65,"NSW","Urban","6:00 PM - 12:00 AM",1,0,0,3,24,1,3,0,1,1,0,0,99,99
6911,18,2063,1512,551,0,77,"NSW","Regional","6:00 PM - 12:00 AM",1,0,0,2,160,1,3,8,8,16,0,0,99,99
3592,9,4117,2280,1837,0,76,"VIC","Urban","12:00 AM - 6:00 AM",0,1,0,2,20,2,4,5,3,8,0,0,99,99
8038,21,2371,1733,638,0,74,"VIC","Urban","6:00 AM - 12:00 PM",0,1,0,3,136,1,2,3,6,9,1,0,99,99
1106,3,239,0,239,0,21,"NSW","Regional","6:00 AM - 12:00 PM",1,1,0,3,96,1,3,10,10,20,0,0,99,99
4240,11,1045,0,1045,1,74,"NSW","Remote","6:00 PM - 12:00 AM",1,1,1,1,179,1,3,4,4,8,0,0,99,99
5834,15,1316,0,1316,1,32,"SA","Urban","6:00 PM - 12:00 AM",1,0,0,2,151,2,2,4,7,11,0,0,99,99
9398,24,1554,0,1554,1,76,"NSW","Urban","6:00 AM - 12:00 PM",1,1,0,2,137,3,4,7,9,16,0,0,99,99
7442,19,106,0,106,0,77,"NT","Urban","12:00 AM - 6:00 AM",1,1,1,3,47,4,3,3,5,8,1,0,99,99
5598,14,1333,0,1333,0,20,"WA","Urban","6:00 PM - 12:00 AM",1,0,1,1,177,2,3,3,3,6,0,0,99,99
3678,10,2342,2342,0,1,75,"VIC","Urban","6:00 PM - 12:00 AM",0,1,0,2,54,2,3,4,5,9,1,0,99,99
8813,23,1457,0,1457,0,41,"VIC","Urban","6:00 AM - 12:00 PM",0,1,1,1,164,2,5,4,1,5,1,0,99,99
4319,11,3000,2190,810,99,38,"QLD","Urban","6:00 PM - 12:00 AM",0,0,1,1,39,2,3,7,4,11,1,0,99,99
4969,13,2829,2351,478,1,44,"TAS","Urban","6:00 PM - 12:00 AM",1,0,0,3,179,2,3,0,2,2,1,0,99,99
9163,23,2123,2123,0,1,60,"NSW","Remote","6:00 AM - 12:00 PM",1,1,0,3,178,1,4,4,1,5,1,0,99,99
6407,17,2645,1816,829,0,73,"WA","Urban","6:00 AM - 12:00 PM",1,1,0,2,54,1,2,8,7,15,1,0,99,99
6760,17,1242,0,1242,1,46,"VIC","Urban","6:00 PM - 12:00 AM",0,1,1,3,97,1,2,9,9,18,0,0,99,99
4824,13,3795,1849,1946,1,62,"NSW","Regional","12:00 PM - 6:00 PM",1,0,1,3,126,3,2,6,4,10,1,0,99,99
5367,14,2702,2184,518,1,25,"NSW","Regional","12:00 AM - 6:00 AM",0,1,0,3,17,1,2,0,2,2,0,1,1,0
7134,18,2052,1437,615,1,40,"NSW","Regional","6:00 PM - 12:00 AM",1,0,1,3,43,1,3,4,6,10,0,0,99,99
6961,18,1832,887,945,1,75,"NSW","Remote","6:00 PM - 12:00 AM",0,0,0,3,124,2,3,7,7,14,0,0,99,99
7830,20,177,0,177,0,55,"VIC","Urban","6:00 AM - 12:00 PM",0,0,0,3,121,2,3,10,10,20,0,0,99,99
9195,23,2759,2428,331,1,30,"VIC","Urban","6:00 PM - 12:00 AM",0,0,1,1,163,3,2,1,1,2,0,0,99,99
9486,24,1731,1729,2,1,46,"VIC","Urban","12:00 AM - 6:00 AM",0,1,0,3,123,1,4,10,8,18,1,0,99,99
3927,10,2810,2030,780,0,36,"SA","Urban","6:00 PM - 12:00 AM",0,1,0,1,41,2,3,4,6,10,1,0,99,99
6418,17,1775,1775,0,0,76,"NSW","Regional","6:00 AM - 12:00 PM",0,0,1,3,18,1,2,0,0,0,0,0,99,99
7755,20,2351,0,2351,99,77,"NSW","Regional","6:00 AM - 12:00 PM",1,0,1,3,37,1,2,5,6,11,0,0,99,99
1020,3,250,0,250,1,53,"VIC","Urban","6:00 AM - 12:00 PM",1,1,0,3,30,1,2,6,1,7,0,0,99,99
4171,11,2708,1981,727,0,63,"NT","Urban","6:00 PM - 12:00 AM",0,1,0,2,22,4,1,0,0,0,0,1,1,0
1814,5,1229,0,1229,0,40,"VIC","Remote","6:00 PM - 12:00 AM",1,1,1,3,114,1,4,10,10,20,1,0,99,99
8550,22,324,0,324,1,66,"NSW","Urban","12:00 AM - 6:00 AM",0,0,1,3,78,2,2,10,10,20,0,1,3,0
4598,12,1542,0,1542,1,24,"QLD","Urban","6:00 AM - 12:00 PM",0,0,1,1,171,3,2,3,2,5,0,1,1,0
1795,5,944,0,944,1,38,"VIC","Urban","6:00 PM - 12:00 AM",1,1,1,1,60,2,3,7,5,12,1,0,99,99
8190,21,684,0,684,1,71,"VIC","Urban","6:00 AM - 12:00 PM",0,0,0,3,33,2,2,4,5,9,0,0,99,99
4236,11,2460,1766,694,1,39,"NSW","Remote","6:00 AM - 12:00 PM",0,0,0,2,124,1,2,6,5,11,0,0,99,99
1768,5,1625,1267,358,1,42,"SA","Urban","12:00 PM - 6:00 PM",1,1,1,3,138,1,3,4,3,7,0,0,99,99
3193,8,323,0,323,1,-99,"TAS","Urban","6:00 PM - 12:00 AM",0,1,1,3,109,1,2,10,8,18,0,0,99,99
728,2,1522,1203,319,1,27,"NT","Regional","6:00 PM - 12:00 AM",0,0,1,3,168,1,2,7,6,13,0,0,99,99
416,2,1302,0,1302,1,40,"ACT","Urban","6:00 PM - 12:00 AM",0,1,1,3,42,1,4,10,6,16,1,0,99,99
1458,4,4443,2230,2213,0,51,"SA","Urban","12:00 PM - 6:00 PM",1,0,0,1,60,4,3,10,5,15,1,0,99,99
68,1,417,0,417,1,22,"NSW","Urban","12:00 AM - 6:00 AM",1,1,0,3,108,2,2,5,5,10,0,0,99,99
1633,5,749,0,749,1,35,"VIC","Urban","6:00 PM - 12:00 AM",1,1,0,3,54,2,3,3,3,6,0,1,2,1
6052,16,3838,2041,1797,0,-99,"NSW","Remote","6:00 PM - 12:00 AM",1,0,0,3,55,3,2,9,5,14,1,1,2,0
894,3,1411,0,1411,1,41,"NT","Urban","6:00 AM - 12:00 PM",0,0,0,1,90,1,3,10,10,20,1,0,99,99
6227,16,2215,1439,776,0,73,"TAS","Urban","12:00 AM - 6:00 AM",0,0,1,1,166,1,3,9,10,19,0,0,99,99
8545,22,2449,1609,840,1,68,"VIC","Urban","6:00 PM - 12:00 AM",0,1,0,2,40,1,3,3,4,7,1,0,99,99
2356,6,1229,0,1229,1,53,"TAS","Urban","6:00 PM - 12:00 AM",1,1,1,3,123,4,4,10,10,20,0,0,99,99
6846,18,1360,1002,358,0,68,"SA","Urban","6:00 AM - 12:00 PM",1,1,1,3,117,1,2,6,8,14,1,1,3,0
9293,24,1770,1770,0,0,32,"NT","Urban","6:00 AM - 12:00 PM",0,1,0,3,25,1,5,1,1,2,0,1,2,1
5644,15,4441,2292,2149,1,76,"QLD","Urban","6:00 AM - 12:00 PM",1,0,1,3,143,2,3,9,10,19,1,0,99,99
3392,9,998,0,998,0,40,"VIC","Urban","6:00 PM - 12:00 AM",1,1,1,3,49,1,4,9,8,17,0,0,99,99
6648,17,570,0,570,0,57,"VIC","Urban","6:00 PM - 12:00 AM",0,1,0,3,92,2,2,8,7,15,0,0,99,99
4186,11,1980,0,1980,1,67,"VIC","Urban","6:00 AM - 12:00 PM",1,0,0,1,57,1,2,7,9,16,0,0,99,99
8272,21,701,0,701,1,64,"QLD","Urban","6:00 PM - 12:00 AM",0,1,0,2,148,1,2,4,7,11,1,0,99,99
5789,15,1948,1948,0,0,64,"SA","Urban","6:00 PM - 12:00 AM",1,1,1,2,114,2,2,10,10,20,1,0,99,99
3845,10,2528,1984,544,1,25,"NSW","Regional","6:00 PM - 12:00 AM",1,0,0,2,94,1,3,8,7,15,0,1,5,0
2182,6,3514,1578,1936,0,27,"QLD","Urban","6:00 AM - 12:00 PM",1,1,0,3,97,3,3,10,10,20,1,0,99,99
3495,9,1477,0,1477,0,-99,"VIC","Urban","6:00 PM - 12:00 AM",0,0,0,3,168,4,3,4,5,9,0,1,5,0
320,1,3354,1954,1400,1,53,"VIC","Urban","6:00 PM - 12:00 AM",0,0,1,3,162,1,3,8,10,18,1,0,99,99
2630,7,2541,2433,108,1,70,"VIC","Urban","6:00 AM - 12:00 PM",0,1,1,2,171,1,3,4,5,9,0,1,0,0
7970,20,2298,1475,823,1,64,"NSW","Regional","12:00 AM - 6:00 AM",0,0,1,2,127,1,2,10,10,20,1,1,3,0
4844,13,570,0,570,0,33,"QLD","Urban","6:00 AM - 12:00 PM",0,0,1,1,43,4,3,9,10,19,0,0,99,99
4663,12,3613,2564,1049,1,69,"VIC","Urban","6:00 PM - 12:00 AM",0,0,0,2,146,1,3,9,10,19,1,0,99,99
4495,12,2379,2157,222,1,75,"NT","Urban","12:00 PM - 6:00 PM",1,1,0,3,126,2,3,6,6,12,0,0,99,99
7897,20,41,0,41,0,32,"NSW","Urban","12:00 AM - 6:00 AM",0,1,0,3,24,1,3,4,5,9,1,1,4,0
2084,6,1531,0,1531,0,42,"VIC","Urban","6:00 PM - 12:00 AM",0,1,0,3,28,2,3,4,4,8,0,0,99,99
6816,18,2687,1682,1005,99,-99,"SA","Urban","6:00 AM - 12:00 PM",0,0,0,3,58,1,3,7,6,13,1,1,5,0
303,1,542,0,542,0,29,"VIC","Urban","6:00 PM - 12:00 AM",1,1,1,3,138,1,3,4,2,6,0,0,99,99
916,3,2129,1900,229,1,48,"QLD","Regional","6:00 AM - 12:00 PM",0,1,1,3,90,1,4,10,10,20,0,0,99,99
9645,25,2815,1752,1063,0,62,"VIC","Urban","6:00 AM - 12:00 PM",0,1,1,1,116,1,3,7,4,11,0,0,99,99
8478,22,3085,2346,739,1,54,"NSW","Regional","6:00 PM - 12:00 AM",0,1,1,2,149,2,4,8,7,15,0,0,99,99
3907,10,1253,0,1253,1,56,"VIC","Urban","12:00 AM - 6:00 AM",1,1,1,3,136,2,1,10,10,20,0,1,4,1
3504,9,897,0,897,99,65,"VIC","Urban","12:00 PM - 6:00 PM",0,0,1,2,119,1,4,10,8,18,0,0,99,99
1047,3,358,0,358,1,21,"VIC","Urban","6:00 AM - 12:00 PM",1,1,1,3,36,1,4,6,3,9,0,0,99,99
5265,14,1619,955,664,1,72,"WA","Urban","6:00 PM - 12:00 AM",1,0,0,3,28,1,2,4,8,12,0,0,99,99
7615,20,391,0,391,0,65,"VIC","Urban","12:00 AM - 6:00 AM",0,1,0,2,83,1,3,9,10,19,0,0,99,99
1522,4,4108,2010,2098,0,42,"ACT","Regional","6:00 AM - 12:00 PM",0,0,1,3,162,2,4,9,9,18,0,0,99,99
2095,6,994,0,994,0,19,"TAS","Urban","6:00 PM - 12:00 AM",1,1,1,3,74,3,2,10,9,19,0,0,99,99
7797,20,3385,1825,1560,1,63,"WA","Urban","6:00 PM - 12:00 AM",1,0,0,2,108,1,3,8,4,12,1,0,99,99
5000,13,576,0,576,99,25,"SA","Urban","12:00 PM - 6:00 PM",0,1,1,1,148,2,4,8,8,16,0,0,99,99
5772,15,2067,1736,331,0,36,"QLD","Urban","6:00 AM - 12:00 PM",0,1,1,1,36,3,3,4,5,9,1,1,2,1
8698,22,1832,1832,0,1,34,"QLD","Urban","12:00 AM - 6:00 AM",1,1,0,3,161,2,3,3,1,4,1,0,99,99
4753,12,1176,0,1176,1,71,"TAS","Urban","12:00 AM - 6:00 AM",1,1,0,3,21,4,2,0,0,0,1,1,3,0
1903,5,3765,1929,1836,0,45,"SA","Regional","6:00 PM - 12:00 AM",1,1,1,2,60,4,4,4,5,9,0,0,99,99
3086,8,3411,1422,1989,0,68,"QLD","Urban","6:00 PM - 12:00 AM",0,1,0,1,45,4,2,9,10,19,1,0,99,99
5919,15,2932,2400,532,0,70,"VIC","Urban","6:00 PM - 12:00 AM",0,0,0,2,164,2,4,7,6,13,0,0,99,99
4781,12,2475,1041,1434,0,28,"NT","Urban","12:00 PM - 6:00 PM",1,0,1,3,145,1,1,3,0,3,1,1,4,0
7129,18,1837,1760,77,1,56,"WA","Urban","6:00 AM - 12:00 PM",0,0,0,3,141,1,4,5,9,14,1,0,99,99
7365,19,1390,1390,0,1,26,"SA","Urban","6:00 AM - 12:00 PM",1,0,1,2,47,1,3,8,7,15,0,0,99,99
8831,23,1434,0,1434,0,47,"QLD","Urban","6:00 PM - 12:00 AM",1,0,0,2,42,1,3,8,7,15,0,0,99,99
7744,20,491,0,491,1,50,"QLD","Urban","6:00 AM - 12:00 PM",0,0,0,2,176,1,3,0,1,1,0,1,3,1
7233,19,3012,2350,662,99,31,"SA","Urban","12:00 AM - 6:00 AM",0,0,0,3,145,4,3,7,6,13,1,0,99,99
4407,12,975,0,975,1,52,"NSW","Urban","6:00 AM - 12:00 PM",0,1,0,3,149,2,2,3,3,6,1,0,99,99
5814,15,949,949,0,0,56,"WA","Urban","6:00 AM - 12:00 PM",1,1,0,1,71,1,4,7,9,16,1,0,99,99
6074,16,703,0,703,1,31,"WA","Urban","6:00 AM - 12:00 PM",1,0,1,3,180,2,2,4,2,6,0,0,99,99
837,3,3701,2246,1455,1,52,"SA","Regional","6:00 PM - 12:00 AM",0,0,0,3,114,3,3,10,10,20,1,0,99,99
4565,12,432,0,432,1,77,"NSW","Regional","6:00 AM - 12:00 PM",1,1,1,1,98,3,3,10,10,20,0,0,99,99
825,3,3689,2066,1623,0,43,"NSW","Urban","6:00 PM - 12:00 AM",0,0,0,2,12,1,5,0,0,0,0,0,99,99
5291,14,4242,1978,2264,1,29,"SA","Urban","12:00 AM - 6:00 AM",0,0,1,1,158,1,4,9,5,14,0,0,99,99
5892,15,714,714,0,0,73,"VIC","Urban","12:00 AM - 6:00 AM",0,1,0,2,14,1,2,0,0,0,0,0,99,99
1019,3,622,0,622,0,38,"VIC","Regional","6:00 AM - 12:00 PM",1,1,0,3,66,1,4,10,10,20,1,0,99,99
1913,5,4063,2265,1798,0,60,"NSW","Urban","12:00 PM - 6:00 PM",1,0,0,1,162,4,3,0,4,4,0,0,99,99
1622,5,1441,0,1441,0,48,"VIC","Urban","6:00 PM - 12:00 AM",0,0,0,3,66,1,3,10,10,20,0,0,99,99
4983,13,974,0,974,1,49,"QLD","Urban","6:00 AM - 12:00 PM",0,1,1,1,156,1,1,3,3,6,0,0,99,99
3113,8,1759,0,1759,1,52,"NSW","Regional","6:00 PM - 12:00 AM",1,0,0,3,164,1,5,9,8,17,1,0,99,99
5501,14,1145,941,204,1,47,"VIC","Urban","6:00 PM - 12:00 AM",1,1,1,3,107,2,4,10,8,18,0,0,99,99
1264,4,424,0,424,0,33,"VIC","Urban","6:00 AM - 12:00 PM",0,1,0,3,18,2,3,3,2,5,0,0,99,99
8143,21,2440,1703,737,1,51,"QLD","Urban","12:00 AM - 6:00 AM",1,0,1,3,81,1,3,10,6,16,0,0,99,99
5041,13,1988,1598,390,1,-99,"SA","Urban","6:00 AM - 12:00 PM",0,0,1,2,140,1,3,7,4,11,1,0,99,99
695,2,4178,1990,2188,0,55,"NSW","Regional","6:00 PM - 12:00 AM",1,0,0,2,96,2,3,8,10,18,0,0,99,99
3720,10,2480,1701,779,0,36,"NSW","Regional","6:00 PM - 12:00 AM",0,0,0,3,20,2,3,2,1,3,0,0,99,99
4817,13,1679,948,731,0,57,"VIC","Urban","6:00 AM - 12:00 PM",1,0,0,3,92,1,2,9,7,16,1,0,99,99
8144,21,3630,1556,2074,0,44,"NSW","Remote","6:00 AM - 12:00 PM",1,1,1,2,116,2,2,6,4,10,0,0,99,99
9981,25,2940,1692,1248,0,59,"VIC","Urban","6:00 AM - 12:00 PM",1,0,1,2,22,2,3,0,1,1,0,0,99,99
8724,22,849,0,849,0,59,"VIC","Urban","6:00 PM - 12:00 AM",1,1,1,3,159,2,2,5,9,14,0,0,99,99
3250,9,3251,2104,1147,0,36,"NSW","Remote","6:00 PM - 12:00 AM",1,0,1,3,106,2,3,10,8,18,0,0,99,99
5810,15,2516,2113,403,1,42,"SA","Urban","12:00 AM - 6:00 AM",1,1,0,3,156,4,3,7,10,17,0,0,99,99
1231,4,3191,1833,1358,0,48,"NSW","Urban","6:00 AM - 12:00 PM",1,0,0,3,180,2,4,4,4,8,0,1,2,0
1194,3,4267,2263,2004,0,51,"NSW","Urban","6:00 AM - 12:00 PM",0,0,0,3,102,3,3,7,7,14,1,0,99,99
6085,16,3600,2614,986,0,67,"NSW","Regional","6:00 AM - 12:00 PM",1,0,0,3,133,1,4,8,9,17,0,0,99,99
2102,6,818,0,818,0,42,"WA","Urban","12:00 AM - 6:00 AM",1,1,0,3,99,1,2,6,5,11,1,0,99,99
8103,21,3523,2177,1346,0,49,"VIC","Urban","6:00 PM - 12:00 AM",0,1,1,3,115,1,5,7,8,15,0,0,99,99
7301,19,308,0,308,1,58,"SA","Urban","6:00 PM - 12:00 AM",0,0,0,2,114,1,3,10,8,18,0,0,99,99
4082,11,722,0,722,1,29,"QLD","Urban","6:00 PM - 12:00 AM",0,0,1,3,113,2,3,9,10,19,0,0,99,99
6553,17,656,0,656,0,44,"NSW","Regional","6:00 AM - 12:00 PM",1,1,1,3,156,3,4,8,10,18,0,0,99,99
4776,12,2232,1512,720,0,21,"WA","Urban","6:00 PM - 12:00 AM",0,1,0,3,113,1,4,6,7,13,1,0,99,99
9328,24,4112,2152,1960,0,25,"WA","Urban","6:00 PM - 12:00 AM",0,1,0,3,36,1,3,4,5,9,0,0,99,99
4587,12,2913,1808,1105,1,67,"NSW","Urban","6:00 PM - 12:00 AM",0,0,0,2,61,2,3,5,6,11,1,0,99,99
2676,7,1898,1898,0,1,50,"VIC","Urban","12:00 AM - 6:00 AM",0,1,1,3,62,3,3,9,10,19,0,0,99,99
1987,5,2459,1419,1040,1,33,"SA","Urban","6:00 PM - 12:00 AM",1,1,0,3,90,1,2,7,10,17,1,1,5,1
3411,9,439,0,439,0,25,"TAS","Urban","6:00 PM - 12:00 AM",1,0,0,3,66,1,3,7,7,14,0,0,99,99
8989,23,1074,0,1074,1,35,"NSW","Urban","6:00 AM - 12:00 PM",0,1,1,3,26,1,2,3,1,4,0,0,99,99
4793,12,3384,1912,1472,0,64,"SA","Urban","6:00 PM - 12:00 AM",0,1,0,3,151,1,4,8,10,18,1,0,99,99
1456,4,4153,2187,1966,1,58,"NSW","Urban","6:00 AM - 12:00 PM",0,0,1,3,18,3,3,5,4,9,0,0,99,99
1022,3,504,0,504,1,34,"VIC","Remote","6:00 AM - 12:00 PM",1,1,1,3,18,2,3,0,0,0,0,0,99,99
7116,18,98,0,98,0,35,"VIC","Urban","12:00 AM - 6:00 AM",0,1,1,3,151,1,3,6,6,12,0,0,99,99
7781,20,805,0,805,1,60,"VIC","Urban","12:00 PM - 6:00 PM",0,1,1,3,171,2,2,0,0,0,0,0,99,99
7044,18,2736,1771,965,99,46,"NSW","Regional","12:00 PM - 6:00 PM",0,0,0,3,45,3,3,10,10,20,0,0,99,99
8838,23,1187,0,1187,1,71,"NT","Urban","6:00 PM - 12:00 AM",0,1,0,2,83,2,5,10,10,20,1,0,99,99
2670,7,598,0,598,1,57,"NT","Urban","12:00 PM - 6:00 PM",0,1,0,3,86,4,3,8,6,14,1,1,5,0
6130,16,1404,0,1404,1,-99,"NSW","Regional","6:00 PM - 12:00 AM",0,1,1,1,127,1,4,8,10,18,0,0,99,99
1434,4,4346,1914,2432,0,55,"TAS","Urban","6:00 AM - 12:00 PM",0,1,0,3,30,4,2,6,3,9,1,0,99,99
3436,9,3980,1916,2064,1,76,"TAS","Urban","6:00 PM - 12:00 AM",0,0,0,2,56,4,4,9,8,17,0,0,99,99
7219,19,500,0,500,0,43,"VIC","Urban","6:00 AM - 12:00 PM",1,0,1,3,70,2,5,10,10,20,1,0,99,99
5164,13,3379,2503,876,1,35,"QLD","Urban","6:00 AM - 12:00 PM",1,0,0,3,94,2,3,9,8,17,0,1,3,1
1284,4,601,0,601,1,35,"NSW","Urban","6:00 AM - 12:00 PM",1,1,1,3,66,1,4,6,10,16,1,1,4,0
6230,16,864,0,864,1,25,"NT","Urban","12:00 AM - 6:00 AM",1,1,0,3,91,2,3,10,8,18,1,1,5,0
5703,15,2568,1755,813,1,20,"TAS","Urban","12:00 PM - 6:00 PM",0,1,1,2,160,2,2,7,5,12,0,0,99,99
3712,10,3251,1290,1961,1,36,"TAS","Urban","6:00 PM - 12:00 AM",0,1,1,3,134,2,3,7,10,17,0,0,99,99
1625,5,1226,0,1226,0,54,"VIC","Regional","6:00 PM - 12:00 AM",0,0,1,1,78,2,2,6,4,10,0,0,99,99
2941,8,2788,1807,981,0,26,"NSW","Regional","6:00 PM - 12:00 AM",0,0,0,3,122,4,4,7,3,10,1,0,99,99
7759,20,3111,1777,1334,1,57,"SA","Urban","6:00 AM - 12:00 PM",0,1,0,3,14,1,4,0,0,0,1,0,99,99
5231,14,2706,1789,917,1,31,"NSW","Remote","6:00 PM - 12:00 AM",1,0,0,3,67,3,3,8,5,13,1,0,99,99
6024,16,349,0,349,1,31,"QLD","Urban","6:00 PM - 12:00 AM",0,0,0,3,156,2,3,7,8,15,0,0,99,99
4881,13,2323,1836,487,1,70,"NSW","Regional","6:00 AM - 12:00 PM",1,1,0,3,174,2,4,0,3,3,0,0,99,99
9452,24,720,0,720,1,39,"NSW","Remote","6:00 AM - 12:00 PM",0,1,1,3,150,1,5,9,8,17,1,0,99,99
6275,16,2261,2261,0,1,-99,"VIC","Urban","6:00 AM - 12:00 PM",0,1,0,3,44,2,4,3,3,6,1,0,99,99
9962,25,1240,0,1240,99,37,"VIC","Urban","6:00 AM - 12:00 PM",0,1,0,3,93,2,4,9,10,19,0,0,99,99
2470,7,2583,1682,901,1,-99,"TAS","Urban","6:00 PM - 12:00 AM",0,1,1,3,62,2,3,8,8,16,0,0,99,99
1371,4,361,0,361,0,23,"NT","Urban","6:00 AM - 12:00 PM",0,1,0,3,84,2,3,9,9,18,0,0,99,99
234,1,201,0,201,0,35,"NT","Urban","12:00 AM - 6:00 AM",1,0,0,2,90,1,2,4,8,12,1,1,4,0
5985,15,2332,1308,1024,1,45,"SA","Urban","6:00 PM - 12:00 AM",1,0,1,2,39,1,4,7,10,17,0,0,99,99
9797,25,2660,2198,462,0,25,"NSW","Regional","6:00 PM - 12:00 AM",0,0,1,3,13,2,2,0,5,5,0,0,99,99
4930,13,507,0,507,0,32,"VIC","Urban","6:00 PM - 12:00 AM",1,1,0,2,35,1,3,4,3,7,1,0,99,99
100,1,246,0,246,1,27,"VIC","Urban","12:00 AM - 6:00 AM",0,0,1,1,162,1,2,2,2,4,0,0,99,99
3260,9,2955,2094,861,1,59,"WA","Urban","6:00 PM - 12:00 AM",1,0,0,1,76,1,3,10,10,20,0,1,0,1
7934,20,734,0,734,0,21,"NSW","Remote","12:00 AM - 6:00 AM",0,1,0,2,28,3,4,3,4,7,0,0,99,99
119,1,660,0,660,1,24,"TAS","Urban","12:00 AM - 6:00 AM",0,0,1,2,60,1,1,3,5,8,0,0,99,99
6611,17,4106,1672,2434,0,32,"VIC","Urban","12:00 PM - 6:00 PM",0,0,1,2,87,1,3,10,10,20,0,0,99,99
2489,7,2055,0,2055,1,73,"NSW","Urban","12:00 AM - 6:00 AM",0,1,0,3,161,1,3,4,6,10,1,0,99,99
5131,13,1820,0,1820,0,24,"NT","Urban","6:00 AM - 12:00 PM",1,0,1,3,24,2,4,4,4,8,1,0,99,99
2915,8,3345,1898,1447,1,-99,"NSW","Remote","6:00 PM - 12:00 AM",1,0,0,2,94,1,2,6,6,12,1,0,99,99
5969,15,3181,1641,1540,99,25,"VIC","Urban","6:00 PM - 12:00 AM",1,1,0,3,159,1,3,5,5,10,0,0,99,99
9029,23,2565,1567,998,0,59,"QLD","Urban","6:00 PM - 12:00 AM",1,1,1,2,93,1,4,9,9,18,0,1,3,0
4543,12,1512,1478,34,0,75,"SA","Urban","6:00 AM - 12:00 PM",1,0,1,2,76,4,3,5,5,10,0,1,5,0
7646,20,995,0,995,0,48,"NSW","Urban","6:00 PM - 12:00 AM",1,1,0,3,118,1,2,5,9,14,0,0,99,99
9150,23,1700,1447,253,0,70,"SA","Urban","6:00 PM - 12:00 AM",1,0,0,2,170,2,4,1,2,3,0,0,99,99
8561,22,1380,0,1380,1,56,"NSW","Regional","12:00 PM - 6:00 PM",0,1,1,3,104,1,2,8,5,13,1,0,99,99
2260,6,2770,1821,949,1,36,"NSW","Regional","6:00 AM - 12:00 PM",1,1,1,3,124,1,3,8,6,14,1,0,99,99
6113,16,2926,1953,973,0,62,"VIC","Urban","6:00 AM - 12:00 PM",1,1,1,3,65,2,4,9,10,19,1,1,2,1
1905,5,3961,2039,1922,1,44,"NSW","Remote","6:00 PM - 12:00 AM",0,0,0,3,132,2,3,4,4,8,0,0,99,99
4425,12,2186,1749,437,1,75,"NSW","Regional","6:00 PM - 12:00 AM",1,0,0,3,105,4,2,5,4,9,1,1,4,0
9781,25,1243,0,1243,1,75,"NT","Urban","12:00 AM - 6:00 AM",1,1,0,3,78,2,1,9,10,19,1,0,99,99
8105,21,1510,1510,0,1,21,"SA","Urban","6:00 PM - 12:00 AM",1,1,0,3,56,1,4,9,10,19,0,0,99,99
734,2,3512,2201,1311,0,46,"QLD","Urban","6:00 PM - 12:00 AM",1,0,1,3,156,1,3,1,1,2,0,0,99,99
4771,12,3256,2137,1119,0,47,"TAS","Urban","6:00 AM - 12:00 PM",1,1,1,3,88,2,4,6,7,13,1,0,99,99
1874,5,3668,2076,1592,0,56,"ACT","Urban","6:00 PM - 12:00 AM",1,1,0,2,72,4,4,5,3,8,0,0,99,99
2908,8,3171,1678,1493,1,70,"NSW","Remote","6:00 AM - 12:00 PM",1,0,0,3,104,1,4,10,10,20,1,1,2,0
8608,22,1234,0,1234,0,61,"QLD","Urban","6:00 AM - 12:00 PM",1,1,1,2,115,2,3,8,6,14,0,0,99,99
5715,15,3609,2194,1415,0,51,"NSW","Urban","6:00 PM - 12:00 AM",0,1,0,3,60,2,3,9,10,19,1,0,99,99
3233,9,2626,1458,1168,1,55,"QLD","Urban","6:00 AM - 12:00 PM",0,1,0,1,136,1,3,9,9,18,1,0,99,99
5384,14,2383,1950,433,0,21,"NSW","Regional","6:00 PM - 12:00 AM",1,1,1,3,160,3,2,9,9,18,0,1,0,0
1179,3,359,0,359,1,26,"NSW","Urban","6:00 AM - 12:00 PM",1,1,1,1,144,1,1,4,3,7,0,0,99,99
3867,10,1905,1905,0,1,38,"NSW","Urban","12:00 AM - 6:00 AM",0,1,0,2,151,2,4,3,3,6,1,0,99,99
9,1,203,0,203,0,21,"NSW","Urban","12:00 AM - 6:00 AM",0,1,0,1,42,1,2,6,9,15,1,0,99,99
658,2,4206,2478,1728,1,51,"NSW","Urban","6:00 PM - 12:00 AM",1,0,0,3,126,1,2,8,10,18,1,1,4,0
9959,25,833,0,833,1,61,"NSW","Urban","6:00 PM - 12:00 AM",0,1,0,3,91,1,3,7,5,12,0,0,99,99
9252,24,1833,1385,448,0,56,"SA","Urban","6:00 PM - 12:00 AM",1,1,1,2,94,4,3,10,10,20,1,0,99,99
3047,8,189,0,189,0,24,"NSW","Regional","6:00 PM - 12:00 AM",1,1,1,3,114,1,3,6,8,14,1,1,2,0
8135,21,2818,2216,602,0,32,"NSW","Regional","6:00 PM - 12:00 AM",1,1,1,3,20,2,4,5,4,9,1,0,99,99
5788,15,4331,2442,1889,1,76,"WA","Urban","6:00 PM - 12:00 AM",0,1,0,3,18,1,2,0,0,0,0,0,99,99
833,3,183,0,183,0,37,"VIC","Urban","6:00 PM - 12:00 AM",1,0,1,2,66,1,3,9,8,17,1,1,4,0
8389,21,3683,1837,1846,0,60,"WA","Urban","6:00 PM - 12:00 AM",1,1,1,3,83,2,3,7,8,15,0,0,99,99
7104,18,1197,0,1197,1,21,"SA","Urban","12:00 AM - 6:00 AM",0,1,0,3,157,2,3,7,7,14,0,0,99,99
7375,19,1832,0,1832,0,42,"NSW","Regional","12:00 AM - 6:00 AM",0,0,1,3,89,1,3,5,8,13,1,1,0,0
1751,5,4594,2309,2285,0,57,"VIC","Regional","6:00 PM - 12:00 AM",1,0,0,2,114,1,4,10,10,20,1,0,99,99
5558,14,2308,1349,959,1,43,"NSW","Regional","6:00 PM - 12:00 AM",1,0,0,2,103,1,3,6,5,11,0,0,99,99
1583,4,408,0,408,1,25,"NSW","Urban","6:00 AM - 12:00 PM",1,1,0,1,168,1,4,8,3,11,0,0,99,99
3128,8,2593,1592,1001,0,69,"NSW","Urban","6:00 PM - 12:00 AM",0,1,0,3,141,2,3,7,10,17,0,0,99,99
5066,13,202,0,202,1,-99,"WA","Urban","6:00 PM - 12:00 AM",1,1,1,3,135,3,3,9,10,19,0,1,1,0
8425,22,559,0,559,0,-99,"NSW","Regional","6:00 AM - 12:00 PM",1,0,1,2,12,1,4,0,1,1,0,1,2,0
8950,23,3534,2401,1133,1,22,"NSW","Regional","6:00 PM - 12:00 AM",1,1,1,3,58,1,3,9,9,18,1,1,4,0
5151,13,1807,1691,116,0,51,"TAS","Urban","12:00 AM - 6:00 AM",0,1,0,2,75,2,4,7,9,16,1,0,99,99
8982,23,2317,1285,1032,1,78,"NSW","Regional","12:00 AM - 6:00 AM",1,0,1,3,102,2,4,5,2,7,1,0,99,99
7418,19,1468,0,1468,0,18,"QLD","Urban","6:00 PM - 12:00 AM",1,1,0,3,117,1,3,10,10,20,0,0,99,99
3293,9,1527,0,1527,1,25,"VIC","Urban","6:00 PM - 12:00 AM",0,0,0,1,140,2,2,6,5,11,1,0,99,99
3347,9,2315,1452,863,1,73,"SA","Urban","6:00 PM - 12:00 AM",0,0,1,3,116,1,2,7,10,17,0,0,99,99
5813,15,2708,2207,501,0,53,"VIC","Urban","6:00 AM - 12:00 PM",0,1,0,2,152,1,2,8,9,17,0,0,99,99
3885,10,3654,1927,1727,1,27,"SA","Urban","6:00 PM - 12:00 AM",1,0,0,2,20,1,4,1,0,1,0,0,99,99
4658,12,1677,0,1677,1,68,"VIC","Urban","6:00 PM - 12:00 AM",0,0,0,1,55,3,2,6,5,11,1,0,99,99
7170,18,3805,1840,1965,99,58,"VIC","Urban","6:00 PM - 12:00 AM",1,1,1,1,115,3,3,10,10,20,1,1,2,1
2446,7,1478,0,1478,1,59,"NSW","Regional","6:00 AM - 12:00 PM",1,0,1,1,161,3,1,1,0,1,0,0,99,99
9494,24,1278,0,1278,1,23,"VIC","Urban","6:00 PM - 12:00 AM",1,1,0,3,60,2,4,8,8,16,1,0,99,99
8738,22,1788,0,1788,0,-99,"SA","Urban","6:00 AM - 12:00 PM",1,0,0,2,27,2,2,0,3,3,1,1,2,0
4754,12,465,0,465,1,73,"NSW","Regional","6:00 AM - 12:00 PM",0,1,0,3,159,1,2,4,3,7,0,0,99,99
8426,22,3427,2110,1317,1,35,"NSW","Remote","12:00 AM - 6:00 AM",0,1,0,2,26,2,4,0,1,1,0,0,99,99
7801,20,1416,0,1416,0,37,"NSW","Regional","6:00 PM - 12:00 AM",0,1,0,1,147,2,2,4,4,8,1,0,99,99
5928,15,1526,0,1526,0,18,"VIC","Urban","12:00 PM - 6:00 PM",0,1,1,3,131,2,2,10,10,20,0,0,99,99
2669,7,888,0,888,1,48,"NSW","Regional","6:00 PM - 12:00 AM",1,1,0,3,127,3,3,6,5,11,1,0,99,99
5107,13,2858,2277,581,1,75,"TAS","Urban","12:00 AM - 6:00 AM",0,1,1,2,78,1,2,8,9,17,0,1,1,0
7875,20,2153,1413,740,1,48,"TAS","Urban","6:00 PM - 12:00 AM",0,0,1,1,165,4,3,3,6,9,0,0,99,99
9998,25,913,0,913,1,61,"VIC","Urban","6:00 AM - 12:00 PM",1,1,1,2,154,2,3,9,9,18,1,0,99,99
7293,19,4247,2438,1809,1,53,"NSW","Urban","12:00 AM - 6:00 AM",0,1,0,3,176,3,2,4,4,8,0,0,99,99
9967,25,3125,2026,1099,0,69,"NT","Urban","6:00 PM - 12:00 AM",0,1,1,2,122,2,5,5,4,9,0,1,5,0
2409,7,2083,1990,93,1,22,"TAS","Urban","12:00 AM - 6:00 AM",1,1,0,1,48,1,3,5,2,7,0,0,99,99
9675,25,2854,1237,1617,0,48,"SA","Urban","6:00 AM - 12:00 PM",0,1,1,2,122,1,4,6,7,13,0,0,99,99
2679,7,3994,1591,2403,1,-99,"VIC","Urban","12:00 AM - 6:00 AM",0,0,0,3,140,1,4,9,9,18,0,0,99,99
5524,14,2751,2441,310,0,20,"VIC","Urban","6:00 AM - 12:00 PM",0,1,1,3,168,2,3,0,2,2,0,0,99,99
7347,19,2640,1502,1138,0,75,"NT","Urban","6:00 AM - 12:00 PM",0,0,1,1,44,1,3,7,6,13,0,0,99,99
1740,5,427,0,427,1,29,"WA","Urban","6:00 PM - 12:00 AM",1,1,0,2,102,2,3,9,9,18,1,1,4,0
2019,6,2348,0,2348,1,38,"NSW","Regional","6:00 PM - 12:00 AM",0,1,0,2,130,1,3,7,6,13,1,0,99,99
9678,25,553,0,553,1,46,"NSW","Regional","6:00 AM - 12:00 PM",1,1,0,3,90,2,3,5,2,7,0,1,4,0
526,2,3834,2029,1805,0,46,"ACT","Urban","6:00 PM - 12:00 AM",1,0,1,3,180,3,5,4,0,4,0,1,2,1
5333,14,1069,0,1069,0,67,"VIC","Urban","12:00 PM - 6:00 PM",1,0,0,3,160,2,3,2,1,3,0,0,99,99
4863,13,828,0,828,0,63,"VIC","Urban","6:00 AM - 12:00 PM",0,1,0,3,115,1,3,5,8,13,0,1,2,0
4929,13,2245,1624,621,0,50,"VIC","Urban","6:00 PM - 12:00 AM",1,0,0,1,93,1,4,8,5,13,0,0,99,99
335,1,2160,1944,216,1,48,"NT","Urban","12:00 PM - 6:00 PM",0,0,0,3,138,2,4,8,10,18,1,0,99,99
7156,18,1720,0,1720,0,71,"NSW","Regional","6:00 AM - 12:00 PM",1,1,0,2,77,2,2,7,10,17,0,0,99,99
217,1,1439,1125,314,1,24,"NSW","Regional","12:00 AM - 6:00 AM",1,1,0,3,150,2,4,8,10,18,1,1,5,0
2901,8,187,0,187,1,44,"NSW","Regional","6:00 PM - 12:00 AM",0,1,0,3,67,2,3,8,9,17,0,0,99,99
3104,8,1899,1899,0,0,72,"NT","Urban","6:00 PM - 12:00 AM",1,1,1,3,53,2,3,9,7,16,0,0,99,99
6520,17,3097,1870,1227,1,65,"SA","Urban","6:00 PM - 12:00 AM",0,1,1,1,103,1,4,9,10,19,0,1,3,0
998,3,317,0,317,1,21,"VIC","Urban","6:00 AM - 12:00 PM",1,1,0,3,114,2,3,7,4,11,0,0,99,99
7806,20,2297,1233,1064,0,74,"NSW","Regional","12:00 AM - 6:00 AM",1,0,1,1,127,1,3,6,6,12,0,0,99,99
3102,8,2270,1332,938,1,43,"NSW","Regional","6:00 PM - 12:00 AM",0,0,1,1,179,1,2,0,3,3,0,0,99,99
7142,18,2412,2269,143,1,-99,"VIC","Urban","12:00 AM - 6:00 AM",0,1,1,3,141,4,2,6,4,10,0,0,99,99
3801,10,1625,0,1625,0,21,"NSW","Urban","6:00 PM - 12:00 AM",0,0,1,3,69,3,3,10,9,19,0,0,99,99
5193,13,1950,1950,0,0,52,"NSW","Regional","12:00 PM - 6:00 PM",0,1,1,1,159,3,3,4,6,10,0,1,0,0
6989,18,2812,1895,917,1,68,"VIC","Urban","6:00 PM - 12:00 AM",0,1,0,1,49,1,3,3,8,11,1,1,4,0
226,1,1855,1547,308,1,31,"NSW","Urban","12:00 AM - 6:00 AM",1,0,1,3,30,1,1,9,5,14,1,0,99,99
2774,7,2476,1884,592,1,51,"NSW","Remote","6:00 AM - 12:00 PM",0,1,1,1,86,1,3,5,7,12,0,0,99,99
1269,4,3549,1905,1644,1,60,"VIC","Urban","12:00 PM - 6:00 PM",0,0,1,3,54,1,1,9,8,17,1,0,99,99
2302,6,3151,1675,1476,1,21,"VIC","Urban","6:00 PM - 12:00 AM",0,0,1,3,177,1,2,4,4,8,1,0,99,99
1419,4,3214,2016,1198,1,41,"ACT","Urban","6:00 AM - 12:00 PM",1,1,1,3,72,3,3,7,5,12,1,0,99,99
2447,7,2270,2270,0,1,66,"NT","Urban","12:00 PM - 6:00 PM",0,1,0,3,180,2,3,1,2,3,1,0,99,99
2529,7,802,0,802,1,77,"VIC","Urban","6:00 PM - 12:00 AM",1,1,0,2,28,2,3,0,2,2,1,0,99,99
8646,22,728,0,728,99,28,"NSW","Urban","6:00 AM - 12:00 PM",1,0,1,3,169,3,3,4,5,9,0,0,99,99
6614,17,3134,2742,392,1,58,"NSW","Regional","12:00 PM - 6:00 PM",1,0,0,3,112,1,4,7,6,13,0,1,4,0
3276,9,2877,1655,1222,0,78,"NSW","Remote","6:00 AM - 12:00 PM",1,1,1,2,29,2,5,4,1,5,0,1,3,1
1882,5,1110,0,1110,0,31,"NSW","Urban","6:00 PM - 12:00 AM",0,0,1,3,42,2,3,4,4,8,0,0,99,99
1406,4,324,0,324,1,25,"QLD","Urban","6:00 AM - 12:00 PM",1,0,0,3,72,2,4,5,6,11,1,0,99,99
1573,4,3215,1706,1509,0,45,"VIC","Urban","6:00 AM - 12:00 PM",0,0,0,3,162,2,4,9,5,14,1,0,99,99
1153,3,337,0,337,1,21,"WA","Urban","6:00 AM - 12:00 PM",1,1,0,3,96,2,2,9,9,18,0,1,5,0
4853,13,2657,1383,1274,0,-99,"NT","Urban","6:00 PM - 12:00 AM",0,1,1,2,18,2,3,0,0,0,0,1,3,1
752,2,1409,0,1409,1,35,"VIC","Regional","6:00 PM - 12:00 AM",1,1,1,2,66,1,4,5,9,14,1,1,3,1
1172,3,4462,2053,2409,0,59,"VIC","Regional","6:00 AM - 12:00 PM",0,0,0,3,24,3,4,6,2,8,0,0,99,99
1481,4,4394,2437,1957,0,58,"TAS","Urban","6:00 AM - 12:00 PM",0,0,1,2,114,1,3,10,10,20,0,1,5,1
4684,12,687,0,687,1,20,"VIC","Urban","6:00 PM - 12:00 AM",0,1,1,3,177,2,3,4,2,6,0,0,99,99
6005,16,1116,0,1116,1,64,"TAS","Urban","6:00 PM - 12:00 AM",1,1,0,3,162,2,4,4,4,8,0,0,99,99
4007,11,1807,1807,0,1,19,"NSW","Regional","6:00 AM - 12:00 PM",0,1,0,3,167,1,2,3,2,5,0,1,5,0
8321,21,1275,0,1275,1,62,"VIC","Urban","6:00 PM - 12:00 AM",0,1,1,1,137,2,4,8,7,15,0,0,99,99
5217,14,3565,2124,1441,0,66,"VIC","Urban","6:00 PM - 12:00 AM",1,1,0,3,49,2,3,4,6,10,0,1,5,0
1011,3,1422,0,1422,0,58,"NT","Urban","6:00 AM - 12:00 PM",0,1,1,3,24,1,3,5,8,13,1,0,99,99
9206,24,2977,2305,672,99,44,"NSW","Regional","6:00 PM - 12:00 AM",1,1,0,3,128,1,4,7,7,14,0,1,1,0
3957,10,2818,1890,928,0,67,"NT","Urban","6:00 AM - 12:00 PM",0,1,0,1,167,1,5,2,3,5,0,0,99,99
3729,10,1802,1802,0,0,18,"VIC","Urban","6:00 PM - 12:00 AM",1,0,0,3,91,2,2,6,8,14,0,0,99,99
7188,18,1745,0,1745,0,26,"NT","Urban","6:00 PM - 12:00 AM",1,1,0,2,156,1,2,8,10,18,0,0,99,99
9253,24,472,0,472,1,71,"NT","Urban","6:00 AM - 12:00 PM",0,0,0,3,142,1,2,9,10,19,1,0,99,99
9407,24,3158,1505,1653,0,47,"NSW","Remote","6:00 AM - 12:00 PM",0,1,0,2,66,3,3,9,9,18,1,1,2,0
4951,13,371,0,371,1,41,"NSW","Regional","6:00 AM - 12:00 PM",0,1,1,2,165,2,4,4,2,6,0,0,99,99
8749,22,3295,2281,1014,0,67,"NSW","Urban","6:00 AM - 12:00 PM",1,1,0,3,40,1,2,3,2,5,0,1,5,1
3859,10,2397,1974,423,1,76,"QLD","Urban","6:00 PM - 12:00 AM",0,1,1,2,50,1,3,4,3,7,1,0,99,99
8949,23,312,0,312,0,64,"SA","Urban","6:00 PM - 12:00 AM",0,0,1,1,18,1,2,0,4,4,1,1,4,0
9760,25,1108,0,1108,1,57,"NSW","Urban","6:00 AM - 12:00 PM",0,0,0,1,68,3,2,7,5,12,1,0,99,99
3192,8,2859,1917,942,1,24,"WA","Urban","12:00 AM - 6:00 AM",0,0,1,3,140,2,2,9,8,17,0,0,99,99
2315,6,2625,1537,1088,0,41,"NSW","Remote","6:00 AM - 12:00 PM",0,1,1,3,175,2,2,4,1,5,1,0,99,99
6922,18,1930,1376,554,0,77,"VIC","Urban","6:00 PM - 12:00 AM",0,0,1,1,177,2,4,3,2,5,1,1,5,1
1930,5,1779,1560,219,1,33,"NSW","Urban","6:00 PM - 12:00 AM",0,0,1,3,24,2,3,6,5,11,1,0,99,99
2349,6,4366,2479,1887,1,30,"VIC","Urban","6:00 AM - 12:00 PM",0,1,1,3,171,1,3,3,2,5,1,0,99,99
2548,7,2998,1776,1222,0,68,"WA","Urban","12:00 AM - 6:00 AM",0,1,0,3,176,1,3,3,2,5,0,1,3,0
2680,7,494,0,494,0,47,"NSW","Remote","12:00 PM - 6:00 PM",0,1,1,3,128,1,3,8,5,13,0,0,99,99
974,3,2457,2183,274,0,58,"ACT","Remote","6:00 AM - 12:00 PM",0,0,0,1,12,4,3,4,7,11,0,0,99,99
6588,17,3458,2190,1268,0,26,"WA","Urban","6:00 PM - 12:00 AM",0,1,1,2,142,1,3,8,7,15,0,0,99,99
9038,23,3140,2058,1082,0,-99,"VIC","Urban","12:00 PM - 6:00 PM",1,0,1,1,155,3,1,4,2,6,0,0,99,99
2337,6,2364,1519,845,1,19,"SA","Urban","6:00 PM - 12:00 AM",0,1,1,2,14,3,3,4,2,6,0,0,99,99
3082,8,2719,2259,460,0,73,"NSW","Regional","6:00 AM - 12:00 PM",1,1,0,2,68,4,3,6,4,10,0,0,99,99
7572,19,3652,2479,1173,1,42,"NSW","Regional","6:00 AM - 12:00 PM",0,1,1,2,140,2,3,8,10,18,1,0,99,99
3288,9,3556,2096,1460,0,36,"NSW","Regional","12:00 AM - 6:00 AM",1,1,0,3,145,1,3,9,7,16,1,0,99,99
3649,10,3078,1843,1235,0,55,"NSW","Regional","12:00 PM - 6:00 PM",0,1,0,3,71,2,2,8,9,17,0,0,99,99
4597,12,1945,1330,615,0,52,"SA","Urban","6:00 PM - 12:00 AM",1,1,0,2,85,2,2,5,7,12,0,0,99,99
2240,6,3227,1910,1317,1,36,"NSW","Regional","6:00 PM - 12:00 AM",1,0,1,3,124,1,3,8,8,16,0,0,99,99
1289,4,4260,2006,2254,0,47,"WA","Remote","6:00 AM - 12:00 PM",0,0,1,3,102,4,4,4,7,11,0,0,99,99
4142,11,367,0,367,0,27,"QLD","Urban","6:00 PM - 12:00 AM",0,1,0,3,82,2,4,5,5,10,1,0,99,99
6944,18,3427,2080,1347,0,69,"NSW","Urban","12:00 AM - 6:00 AM",1,1,1,2,72,1,3,10,8,18,0,0,99,99
296,1,3996,2074,1922,0,42,"ACT","Regional","12:00 AM - 6:00 AM",0,1,1,3,54,3,2,3,4,7,0,1,2,1
2534,7,1447,0,1447,1,63,"VIC","Urban","6:00 AM - 12:00 PM",0,1,1,3,140,2,2,7,3,10,0,0,99,99
6759,17,2600,2166,434,1,23,"NSW","Regional","6:00 AM - 12:00 PM",0,0,0,3,110,4,3,10,7,17,0,0,99,99
8708,22,1145,0,1145,1,77,"QLD","Urban","12:00 PM - 6:00 PM",0,1,0,3,31,1,4,4,5,9,0,1,3,0
9761,25,551,0,551,0,77,"VIC","Urban","6:00 PM - 12:00 AM",1,1,0,3,80,1,2,10,10,20,0,0,99,99
1948,5,427,0,427,1,25,"SA","Urban","6:00 PM - 12:00 AM",0,0,0,3,24,1,2,2,1,3,0,0,99,99
9056,23,2659,2172,487,1,29,"NSW","Regional","12:00 AM - 6:00 AM",0,0,0,3,170,2,4,9,8,17,0,0,99,99
9359,24,3309,1277,2032,0,54,"NSW","Regional","6:00 PM - 12:00 AM",0,1,0,3,174,1,4,4,6,10,0,1,3,0
1235,4,210,0,210,1,24,"NSW","Remote","6:00 AM - 12:00 PM",1,1,0,2,126,1,4,4,8,12,0,0,99,99
3662,10,2390,2390,0,1,64,"NSW","Remote","6:00 PM - 12:00 AM",0,1,0,3,179,1,4,4,5,9,0,0,99,99
7333,19,2117,1701,416,1,42,"QLD","Urban","6:00 PM - 12:00 AM",0,0,1,1,155,4,3,5,5,10,0,0,99,99
7862,20,487,0,487,1,45,"VIC","Urban","6:00 AM - 12:00 PM",1,0,1,3,178,4,3,4,6,10,0,0,99,99
1841,5,4377,2258,2119,1,47,"NSW","Regional","6:00 PM - 12:00 AM",1,0,0,2,114,4,5,10,10,20,0,0,99,99
2066,6,2236,1597,639,0,21,"VIC","Urban","6:00 AM - 12:00 PM",0,1,0,3,163,1,5,2,2,4,0,0,99,99
5235,14,2062,1294,768,1,29,"SA","Urban","12:00 AM - 6:00 AM",1,1,0,1,170,1,3,4,3,7,0,0,99,99
6840,18,2352,1518,834,1,18,"VIC","Urban","12:00 AM - 6:00 AM",0,0,0,2,67,4,2,10,10,20,0,0,99,99
889,3,2475,1425,1050,1,54,"QLD","Urban","6:00 AM - 12:00 PM",0,0,0,2,132,2,2,10,10,20,0,0,99,99
6013,16,886,0,886,1,36,"NT","Urban","6:00 PM - 12:00 AM",1,1,1,3,39,1,3,3,2,5,1,0,99,99
4202,11,1280,0,1280,1,43,"VIC","Urban","6:00 PM - 12:00 AM",1,1,0,3,156,1,3,8,9,17,1,0,99,99
1606,5,1913,1645,268,1,37,"VIC","Urban","6:00 AM - 12:00 PM",1,1,1,3,96,2,2,6,7,13,1,0,99,99
7855,20,1404,1157,247,1,-99,"TAS","Urban","6:00 PM - 12:00 AM",1,1,1,3,115,1,4,7,7,14,0,0,99,99
7228,19,3675,2767,908,1,34,"TAS","Urban","6:00 PM - 12:00 AM",1,1,0,3,173,4,2,3,5,8,0,0,99,99
9754,25,1674,1674,0,1,28,"VIC","Urban","12:00 AM - 6:00 AM",1,1,1,1,66,1,4,10,10,20,1,0,99,99
4370,11,574,0,574,1,36,"NSW","Regional","6:00 AM - 12:00 PM",0,1,0,3,15,2,3,0,5,5,0,1,3,1
2402,7,3205,2045,1160,0,34,"NSW","Remote","6:00 AM - 12:00 PM",0,1,0,3,74,1,2,9,10,19,0,0,99,99
7567,19,1389,0,1389,1,42,"VIC","Urban","12:00 PM - 6:00 PM",0,1,1,2,116,2,5,5,4,9,0,0,99,99
6125,16,206,0,206,0,60,"SA","Urban","6:00 AM - 12:00 PM",0,1,1,3,141,2,3,8,8,16,0,0,99,99
5221,14,444,0,444,0,52,"SA","Urban","6:00 PM - 12:00 AM",1,1,0,2,169,1,4,4,3,7,1,1,4,0
1621,5,3444,1772,1672,1,54,"VIC","Urban","6:00 PM - 12:00 AM",0,0,1,3,132,3,3,7,7,14,0,0,99,99
9773,25,746,0,746,1,55,"VIC","Urban","12:00 PM - 6:00 PM",0,0,0,3,112,1,1,10,10,20,0,0,99,99
2587,7,2925,2108,817,0,58,"VIC","Urban","12:00 AM - 6:00 AM",0,0,1,1,178,2,4,4,1,5,1,0,99,99
2017,6,1268,1268,0,1,35,"NSW","Regional","12:00 PM - 6:00 PM",0,0,0,1,106,4,3,6,8,14,0,0,99,99
9497,24,2973,1745,1228,0,59,"NSW","Urban","12:00 AM - 6:00 AM",0,0,0,3,179,1,2,3,1,4,0,0,99,99
3893,10,2054,1946,108,1,78,"VIC","Urban","6:00 PM - 12:00 AM",1,1,1,3,100,1,4,10,10,20,0,1,3,0
2174,6,632,0,632,99,53,"QLD","Urban","6:00 PM - 12:00 AM",1,1,1,3,107,2,4,5,3,8,0,0,99,99
6511,17,757,0,757,0,71,"NT","Urban","6:00 AM - 12:00 PM",0,0,0,2,174,3,4,9,10,19,1,0,99,99
3620,10,1860,1860,0,0,18,"NSW","Regional","6:00 AM - 12:00 PM",0,1,0,2,69,1,4,7,9,16,0,0,99,99
1287,4,308,0,308,1,22,"ACT","Urban","6:00 AM - 12:00 PM",1,1,0,3,162,1,1,4,3,7,0,0,99,99
9461,24,1759,0,1759,1,62,"WA","Urban","12:00 PM - 6:00 PM",1,1,0,2,49,4,2,9,6,15,0,1,1,0
1559,4,297,0,297,1,22,"ACT","Urban","6:00 AM - 12:00 PM",1,1,0,3,30,2,4,4,0,4,0,1,1,0
2078,6,1710,0,1710,99,67,"NT","Urban","6:00 PM - 12:00 AM",1,1,1,3,36,4,3,4,1,5,0,0,99,99
2681,7,1600,0,1600,0,69,"NSW","Regional","6:00 PM - 12:00 AM",0,1,0,3,29,3,4,1,0,1,0,0,99,99
8924,23,1616,0,1616,1,46,"NSW","Remote","6:00 PM - 12:00 AM",0,1,1,3,67,2,5,7,5,12,0,0,99,99
6678,17,3679,1844,1835,0,43,"NSW","Urban","6:00 AM - 12:00 PM",0,1,0,2,22,1,3,0,0,0,1,0,99,99
4685,12,685,0,685,0,72,"NT","Urban","12:00 PM - 6:00 PM",0,0,0,1,45,2,3,6,6,12,0,0,99,99
2092,6,1894,0,1894,1,22,"VIC","Urban","6:00 AM - 12:00 PM",0,1,1,3,33,1,3,4,5,9,0,0,99,99
6088,16,1642,0,1642,0,22,"NSW","Urban","6:00 PM - 12:00 AM",1,1,1,3,72,3,5,10,10,20,0,0,99,99
6471,17,1301,0,1301,0,35,"VIC","Urban","6:00 PM - 12:00 AM",0,0,0,2,132,4,2,10,10,20,0,1,1,1
7576,19,428,0,428,1,44,"TAS","Urban","6:00 PM - 12:00 AM",0,1,0,3,140,1,1,7,3,10,0,0,99,99
2718,7,1265,0,1265,1,22,"NSW","Urban","6:00 PM - 12:00 AM",0,1,1,3,100,1,3,8,10,18,0,0,99,99
86,1,1353,1106,247,1,22,"NSW","Urban","12:00 AM - 6:00 AM",0,1,0,1,48,2,4,6,2,8,0,0,99,99
6271,16,1842,1587,255,1,23,"NT","Urban","6:00 PM - 12:00 AM",0,1,0,3,108,2,2,10,10,20,1,0,99,99
5390,14,566,0,566,0,52,"QLD","Urban","6:00 PM - 12:00 AM",1,0,0,2,110,2,3,9,8,17,1,0,99,99
8694,22,2333,2051,282,0,71,"NSW","Regional","12:00 AM - 6:00 AM",0,1,0,3,114,1,4,8,7,15,0,0,99,99
1378,4,361,0,361,0,21,"NSW","Urban","6:00 AM - 12:00 PM",1,1,0,2,72,2,2,7,7,14,1,0,99,99
1900,5,1066,0,1066,0,35,"NT","Urban","6:00 PM - 12:00 AM",1,1,0,3,48,2,3,7,8,15,1,0,99,99
9833,25,591,0,591,1,28,"NSW","Regional","6:00 PM - 12:00 AM",1,0,1,3,94,2,4,7,7,14,0,0,99,99
9481,24,1474,0,1474,0,24,"NT","Urban","6:00 PM - 12:00 AM",0,0,0,2,91,1,4,10,10,20,0,0,99,99
1315,4,4408,2264,2144,0,46,"NSW","Urban","6:00 AM - 12:00 PM",0,0,1,2,114,2,3,5,5,10,0,0,99,99
9021,23,2443,2211,232,0,56,"NT","Urban","6:00 AM - 12:00 PM",0,1,0,1,129,2,4,9,9,18,0,0,99,99
2204,6,3025,3025,0,1,32,"NSW","Remote","12:00 PM - 6:00 PM",1,0,0,3,48,4,2,8,9,17,1,0,99,99
3339,9,2829,1948,881,0,30,"NSW","Regional","6:00 AM - 12:00 PM",0,1,1,3,132,1,2,9,9,18,1,1,4,0
2350,6,535,0,535,0,37,"NT","Urban","6:00 AM - 12:00 PM",1,1,1,2,83,1,4,10,10,20,0,0,99,99
1649,5,2238,1382,856,1,47,"ACT","Urban","6:00 PM - 12:00 AM",0,0,1,2,180,4,3,6,6,12,0,0,99,99
8421,22,777,0,777,1,39,"NSW","Urban","6:00 PM - 12:00 AM",0,1,0,1,35,2,3,7,5,12,1,0,99,99
9847,25,909,0,909,1,72,"VIC","Urban","6:00 PM - 12:00 AM",0,0,1,2,161,1,2,8,3,11,1,1,1,0
7242,19,836,0,836,1,57,"NSW","Urban","6:00 AM - 12:00 PM",0,1,1,2,36,3,2,4,3,7,0,0,99,99
1509,4,3499,1971,1528,0,52,"VIC","Urban","6:00 AM - 12:00 PM",0,0,0,3,72,2,4,6,5,11,0,1,4,0
1050,3,661,0,661,1,41,"VIC","Urban","6:00 AM - 12:00 PM",1,1,0,3,30,1,4,5,4,9,0,0,99,99
3046,8,1236,0,1236,0,60,"NSW","Remote","12:00 AM - 6:00 AM",0,1,0,1,98,1,4,7,2,9,0,0,99,99
6218,16,1459,0,1459,1,65,"NSW","Regional","6:00 PM - 12:00 AM",0,0,0,2,144,3,3,5,5,10,0,0,99,99
4789,12,2628,2030,598,0,49,"QLD","Urban","6:00 AM - 12:00 PM",0,0,1,1,161,1,4,8,9,17,1,1,5,0
4873,13,302,0,302,0,53,"NT","Urban","6:00 AM - 12:00 PM",1,0,0,3,37,2,2,3,6,9,1,0,99,99
8515,22,1460,0,1460,0,57,"NSW","Remote","6:00 PM - 12:00 AM",0,0,1,3,60,2,1,9,10,19,1,0,99,99
7085,18,1669,832,837,0,71,"VIC","Urban","6:00 AM - 12:00 PM",1,0,1,3,48,1,2,9,10,19,0,0,99,99
6387,16,2847,1615,1232,1,65,"NSW","Urban","12:00 PM - 6:00 PM",0,0,1,3,126,1,4,8,10,18,0,0,99,99
5724,15,2089,1582,507,1,44,"NSW","Remote","6:00 PM - 12:00 AM",0,1,1,3,95,2,3,10,10,20,0,0,99,99
9715,25,3095,1878,1217,1,25,"VIC","Urban","12:00 AM - 6:00 AM",0,1,1,1,154,2,3,4,10,14,1,0,99,99
8051,21,2673,1862,811,0,45,"QLD","Urban","6:00 AM - 12:00 PM",1,0,0,3,123,4,3,6,6,12,1,0,99,99
8526,22,1703,1564,139,1,51,"QLD","Urban","6:00 PM - 12:00 AM",1,1,1,1,120,2,3,10,8,18,0,0,99,99
6066,16,2130,1671,459,0,65,"NSW","Regional","6:00 AM - 12:00 PM",1,1,0,3,174,1,2,0,1,1,0,0,99,99
4311,11,2388,1623,765,1,67,"NSW","Remote","6:00 PM - 12:00 AM",1,1,1,3,172,1,4,10,10,20,0,0,99,99
7246,19,1779,1425,354,0,71,"NSW","Regional","12:00 AM - 6:00 AM",0,0,0,2,131,2,2,9,8,17,0,0,99,99
7461,19,1314,0,1314,1,60,"SA","Urban","6:00 PM - 12:00 AM",0,1,0,2,110,1,3,9,10,19,1,0,99,99
8736,22,2520,1173,1347,0,38,"VIC","Urban","12:00 AM - 6:00 AM",0,1,0,2,129,4,4,6,6,12,0,0,99,99
361,1,1522,1174,348,0,43,"VIC","Urban","6:00 PM - 12:00 AM",1,1,1,3,36,1,3,5,5,10,1,0,99,99
9372,24,2604,2240,364,0,63,"QLD","Urban","12:00 AM - 6:00 AM",1,1,0,3,145,1,3,9,10,19,0,0,99,99
3861,10,963,0,963,1,65,"NT","Urban","6:00 AM - 12:00 PM",1,0,1,3,38,2,3,2,0,2,0,0,99,99
9000,23,801,0,801,0,77,"VIC","Urban","6:00 PM - 12:00 AM",1,1,0,2,139,1,4,9,9,18,0,1,4,1
9064,23,670,0,670,0,60,"NSW","Regional","6:00 PM - 12:00 AM",0,0,1,3,164,1,2,10,10,20,0,0,99,99
2796,7,2081,2081,0,0,53,"WA","Urban","6:00 PM - 12:00 AM",1,0,1,3,44,2,2,4,4,8,0,0,99,99
9939,25,2188,1247,941,1,67,"NT","Urban","6:00 PM - 12:00 AM",0,1,1,3,139,4,2,6,6,12,0,0,99,99
7624,20,1389,1288,101,1,42,"NSW","Remote","6:00 PM - 12:00 AM",0,1,0,1,173,3,3,8,10,18,0,0,99,99
9472,24,2034,2034,0,0,77,"VIC","Urban","6:00 AM - 12:00 PM",0,1,1,2,101,1,5,10,8,18,0,0,99,99
6156,16,934,0,934,0,45,"NSW","Regional","6:00 PM - 12:00 AM",0,1,1,3,62,1,1,9,9,18,0,0,99,99
4482,12,3652,1871,1781,1,29,"NSW","Urban","6:00 AM - 12:00 PM",1,1,0,3,164,1,2,4,8,12,0,0,99,99
3040,8,1208,0,1208,0,24,"VIC","Urban","6:00 PM - 12:00 AM",0,0,1,2,57,4,4,6,3,9,0,1,3,1
5546,14,726,0,726,1,51,"NSW","Regional","12:00 AM - 6:00 AM",1,1,1,3,109,2,2,10,10,20,0,0,99,99
9584,24,3191,2433,758,1,-99,"VIC","Urban","6:00 PM - 12:00 AM",1,0,0,3,127,4,3,8,5,13,1,0,99,99
8795,22,3774,2132,1642,1,69,"WA","Urban","6:00 AM - 12:00 PM",0,1,0,1,39,1,2,0,0,0,0,0,99,99
4534,12,1552,1552,0,1,47,"SA","Urban","12:00 AM - 6:00 AM",1,1,0,3,53,3,3,6,4,10,0,0,99,99
8775,22,3621,2242,1379,1,68,"TAS","Urban","12:00 PM - 6:00 PM",0,0,1,2,155,2,3,9,10,19,1,1,5,0
7177,18,288,0,288,0,21,"VIC","Urban","12:00 AM - 6:00 AM",0,0,1,1,48,2,3,7,9,16,0,0,99,99
3474,9,3036,2488,548,1,66,"NSW","Regional","6:00 PM - 12:00 AM",0,0,1,2,139,1,3,7,8,15,0,0,99,99
6730,17,1182,0,1182,1,58,"NSW","Remote","6:00 AM - 12:00 PM",0,1,0,3,75,3,3,10,8,18,1,1,4,0
7666,20,1669,0,1669,1,33,"VIC","Urban","6:00 AM - 12:00 PM",0,0,1,2,179,2,3,4,4,8,1,0,99,99
8429,22,1010,0,1010,1,27,"VIC","Urban","6:00 PM - 12:00 AM",0,0,0,3,171,2,3,4,2,6,0,1,2,0
8359,21,555,0,555,1,73,"NSW","Urban","6:00 AM - 12:00 PM",0,1,0,3,49,2,5,8,4,12,0,0,99,99
5336,14,731,0,731,1,52,"NSW","Urban","6:00 AM - 12:00 PM",1,1,1,2,15,2,3,0,0,0,0,0,99,99
803,3,178,0,178,1,40,"VIC","Regional","6:00 PM - 12:00 AM",1,1,0,3,138,1,3,5,5,10,0,0,99,99
6417,17,3400,2348,1052,0,53,"NSW","Remote","12:00 PM - 6:00 PM",0,0,0,3,80,2,2,10,7,17,1,0,99,99
4150,11,1821,0,1821,1,78,"NSW","Remote","6:00 PM - 12:00 AM",1,0,0,2,112,1,3,8,8,16,0,1,4,0
1413,4,4830,2684,2146,1,52,"NSW","Regional","12:00 PM - 6:00 PM",1,0,0,1,78,1,3,10,7,17,1,1,5,0
5534,14,1966,1833,133,1,71,"QLD","Urban","6:00 AM - 12:00 PM",1,1,0,3,22,4,4,4,3,7,0,0,99,99
9022,23,977,0,977,0,-99,"NSW","Regional","6:00 PM - 12:00 AM",0,0,0,2,151,1,4,7,8,15,0,0,99,99
3051,8,3155,1458,1697,1,45,"TAS","Urban","6:00 AM - 12:00 PM",0,0,1,3,143,1,2,8,9,17,0,0,99,99
5353,14,1252,0,1252,0,41,"NSW","Regional","6:00 AM - 12:00 PM",0,0,1,3,165,1,2,3,3,6,0,0,99,99
788,2,460,0,460,1,25,"VIC","Urban","6:00 PM - 12:00 AM",1,1,0,3,36,1,4,7,6,13,0,0,99,99
8542,22,2514,1264,1250,1,28,"VIC","Urban","6:00 AM - 12:00 PM",1,1,0,3,162,1,3,5,5,10,0,0,99,99
5077,13,1201,0,1201,0,62,"VIC","Urban","12:00 AM - 6:00 AM",0,1,0,3,157,2,4,6,3,9,1,0,99,99
7520,19,1671,1586,85,1,33,"VIC","Urban","6:00 AM - 12:00 PM",1,1,0,1,26,1,5,4,5,9,0,0,99,99
9734,25,2766,1804,962,0,49,"NSW","Remote","6:00 AM - 12:00 PM",0,1,1,3,62,1,5,5,10,15,1,0,99,99
5179,13,741,0,741,0,47,"VIC","Urban","6:00 AM - 12:00 PM",0,1,0,3,142,1,4,10,6,16,0,1,1,1
3920,10,2948,1464,1484,1,54,"VIC","Urban","6:00 AM - 12:00 PM",1,1,0,1,69,4,2,8,10,18,1,0,99,99
7073,18,397,0,397,1,70,"NSW","Regional","6:00 PM - 12:00 AM",0,0,0,3,74,1,4,10,7,17,0,0,99,99
2926,8,2115,2115,0,0,20,"WA","Urban","6:00 PM - 12:00 AM",0,1,0,3,77,1,3,6,5,11,0,0,99,99
7655,20,1787,1354,433,1,53,"VIC","Urban","12:00 PM - 6:00 PM",1,1,0,3,86,2,2,5,5,10,1,0,99,99
7678,20,2197,1894,303,1,50,"VIC","Urban","6:00 PM - 12:00 AM",0,1,0,2,98,1,4,10,10,20,1,0,99,99
93,1,1757,1492,265,1,27,"VIC","Urban","12:00 AM - 6:00 AM",0,1,0,3,54,2,2,5,4,9,0,0,99,99
8354,21,3035,1805,1230,0,39,"VIC","Urban","6:00 AM - 12:00 PM",1,0,1,3,76,1,2,9,10,19,1,0,99,99
5108,13,1521,0,1521,0,18,"VIC","Urban","6:00 AM - 12:00 PM",1,1,0,3,166,2,3,7,7,14,0,0,99,99
6931,18,1109,0,1109,0,64,"NSW","Regional","6:00 PM - 12:00 AM",1,0,0,3,96,3,4,10,8,18,1,0,99,99
4788,12,2160,2052,108,1,51,"SA","Urban","6:00 PM - 12:00 AM",0,1,0,1,41,2,4,3,4,7,1,0,99,99
9471,24,2684,1946,738,0,45,"WA","Urban","12:00 PM - 6:00 PM",1,0,1,3,174,1,2,2,3,5,1,0,99,99
6260,16,2553,1810,743,1,46,"NSW","Regional","12:00 PM - 6:00 PM",1,1,0,3,158,3,3,6,4,10,1,0,99,99
4156,11,3581,2470,1111,0,38,"QLD","Urban","6:00 AM - 12:00 PM",0,0,0,3,119,3,3,9,7,16,1,0,99,99
4698,12,1814,1655,159,1,78,"VIC","Urban","6:00 AM - 12:00 PM",0,1,1,3,146,2,3,8,10,18,0,0,99,99
3345,9,1971,0,1971,1,71,"NSW","Regional","6:00 AM - 12:00 PM",1,1,0,1,130,3,4,6,6,12,0,0,99,99
9436,24,67,0,67,0,59,"NSW","Urban","6:00 PM - 12:00 AM",0,0,1,3,132,2,3,9,9,18,0,0,99,99
2241,6,356,0,356,1,36,"NT","Urban","12:00 AM - 6:00 AM",1,1,1,3,90,2,4,10,10,20,0,0,99,99
5425,14,860,0,860,1,67,"SA","Urban","12:00 PM - 6:00 PM",0,1,0,2,124,1,3,6,6,12,0,1,1,0
9551,24,1883,1883,0,1,50,"NSW","Urban","6:00 PM - 12:00 AM",0,1,0,2,132,3,4,7,9,16,0,1,3,0
6258,16,2898,0,2898,0,68,"TAS","Urban","12:00 AM - 6:00 AM",0,1,1,1,50,2,4,1,0,1,0,0,99,99
60,1,237,0,237,1,54,"VIC","Urban","12:00 AM - 6:00 AM",1,1,1,1,156,1,3,3,2,5,0,0,99,99
1899,5,1457,1269,188,1,27,"NT","Remote","6:00 PM - 12:00 AM",1,0,0,3,90,1,4,10,9,19,1,0,99,99
7528,19,1865,1865,0,0,48,"NT","Urban","6:00 PM - 12:00 AM",1,0,0,3,14,2,4,0,0,0,0,0,99,99
6865,18,2330,1646,684,1,45,"QLD","Urban","6:00 PM - 12:00 AM",0,1,0,2,159,1,2,1,1,2,0,0,99,99
2452,7,888,0,888,0,-99,"TAS","Urban","12:00 PM - 6:00 PM",1,0,0,3,26,1,3,4,4,8,0,0,99,99
366,1,1455,1318,137,1,27,"VIC","Remote","6:00 PM - 12:00 AM",1,1,0,2,150,1,2,7,8,15,0,1,5,0
4721,12,2915,1898,1017,0,78,"TAS","Urban","6:00 AM - 12:00 PM",1,1,1,2,24,1,2,2,0,2,0,0,99,99
6615,17,2998,1888,1110,0,64,"WA","Urban","6:00 AM - 12:00 PM",1,1,1,3,83,2,3,9,9,18,0,0,99,99
5347,14,2774,2277,497,0,54,"VIC","Urban","6:00 PM - 12:00 AM",0,1,1,3,142,1,3,9,8,17,0,0,99,99
1644,5,520,0,520,1,38,"VIC","Urban","6:00 PM - 12:00 AM",1,1,0,3,138,2,3,7,5,12,1,0,99,99
1464,4,3208,1815,1393,0,53,"VIC","Urban","6:00 AM - 12:00 PM",1,0,0,3,48,2,2,7,8,15,0,0,99,99
721,2,4354,2408,1946,1,46,"ACT","Regional","6:00 PM - 12:00 AM",0,0,1,1,42,1,4,4,3,7,0,0,99,99
940,3,163,0,163,0,51,"VIC","Regional","6:00 AM - 12:00 PM",1,1,0,3,54,1,5,2,6,8,0,0,99,99
2597,7,3096,2065,1031,1,69,"NT","Urban","6:00 PM - 12:00 AM",1,0,1,3,63,3,2,7,10,17,1,0,99,99
3950,10,1874,0,1874,99,47,"VIC","Urban","6:00 AM - 12:00 PM",0,0,0,3,123,1,3,10,10,20,0,1,1,0
2395,6,981,0,981,1,66,"NSW","Urban","12:00 PM - 6:00 PM",1,0,0,2,83,3,3,5,5,10,0,0,99,99
185,1,1607,1225,382,1,28,"NT","Regional","12:00 AM - 6:00 AM",1,1,1,2,144,2,2,5,3,8,0,0,99,99
3908,10,2638,1596,1042,0,56,"TAS","Urban","6:00 PM - 12:00 AM",1,1,0,2,123,1,4,9,7,16,1,0,99,99
4566,12,112,0,112,1,53,"NT","Urban","6:00 PM - 12:00 AM",0,1,1,2,122,1,2,8,8,16,0,0,99,99
2079,6,1212,1212,0,1,-99,"NT","Urban","6:00 PM - 12:00 AM",1,0,0,3,135,1,3,8,4,12,0,0,99,99
262,1,2823,1659,1164,1,54,"NSW","Urban","12:00 AM - 6:00 AM",0,1,1,3,162,3,3,1,0,1,0,1,0,0
2175,6,3100,1800,1300,0,75,"NSW","Urban","12:00 PM - 6:00 PM",1,0,1,3,104,1,3,7,7,14,1,0,99,99
1115,3,4562,2640,1922,0,54,"WA","Urban","6:00 AM - 12:00 PM",0,0,0,3,156,2,3,3,3,6,0,0,99,99
1233,4,3724,1951,1773,1,55,"VIC","Remote","6:00 AM - 12:00 PM",1,0,0,3,174,4,4,5,1,6,0,0,99,99
7656,20,2549,1531,1018,0,19,"SA","Urban","6:00 PM - 12:00 AM",1,1,0,2,133,2,1,5,0,5,0,0,99,99
720,2,1464,0,1464,1,35,"NSW","Regional","6:00 PM - 12:00 AM",1,0,0,2,120,2,2,9,9,18,0,0,99,99
2969,8,645,0,645,0,19,"VIC","Urban","6:00 PM - 12:00 AM",0,1,1,3,77,1,5,7,7,14,0,0,99,99
3440,9,3320,1626,1694,1,59,"NSW","Regional","12:00 PM - 6:00 PM",0,0,0,3,23,1,2,3,1,4,1,0,99,99
270,1,1283,0,1283,0,38,"SA","Urban","12:00 AM - 6:00 AM",1,0,0,3,84,2,2,10,10,20,1,0,99,99
5648,15,3650,2457,1193,0,39,"VIC","Urban","6:00 PM - 12:00 AM",0,1,1,3,158,1,2,7,10,17,0,1,0,1
6543,17,2599,2036,563,1,32,"VIC","Urban","12:00 AM - 6:00 AM",0,1,1,1,159,2,2,1,1,2,0,0,99,99
1971,5,3150,1676,1474,1,48,"SA","Urban","6:00 PM - 12:00 AM",0,0,0,3,36,2,3,2,2,4,0,1,2,0
4813,13,182,0,182,0,34,"VIC","Urban","6:00 PM - 12:00 AM",1,1,1,3,160,1,4,3,3,6,0,0,99,99
1912,5,375,0,375,0,24,"NSW","Urban","6:00 PM - 12:00 AM",1,0,0,2,30,1,4,2,3,5,0,1,2,1
8043,21,2217,1694,523,0,-99,"QLD","Urban","6:00 PM - 12:00 AM",1,0,1,1,52,2,2,4,5,9,0,0,99,99
4728,12,2633,1987,646,0,40,"NSW","Remote","12:00 AM - 6:00 AM",1,1,1,3,83,1,4,10,10,20,0,0,99,99
5755,15,3073,1477,1596,1,27,"WA","Urban","6:00 AM - 12:00 PM",0,1,0,1,16,2,4,1,1,2,1,0,99,99
1688,5,208,0,208,1,43,"SA","Urban","6:00 PM - 12:00 AM",1,1,1,2,30,1,4,6,8,14,0,0,99,99
319,1,214,0,214,1,23,"TAS","Urban","6:00 PM - 12:00 AM",1,1,1,3,36,1,3,5,5,10,1,0,99,99
5980,15,1661,1135,526,0,55,"NSW","Urban","12:00 AM - 6:00 AM",0,0,1,3,167,4,2,9,9,18,1,0,99,99
1527,4,179,0,179,0,60,"NSW","Urban","6:00 AM - 12:00 PM",1,0,0,1,102,1,2,5,1,6,0,0,99,99
1915,5,4383,2440,1943,0,43,"SA","Urban","6:00 PM - 12:00 AM",1,0,0,3,84,4,2,10,10,20,0,0,99,99
4298,11,2913,1201,1712,1,23,"VIC","Urban","12:00 PM - 6:00 PM",1,1,0,2,32,2,4,3,6,9,0,0,99,99
1359,4,218,0,218,0,24,"NSW","Urban","6:00 AM - 12:00 PM",0,1,0,3,120,1,2,8,7,15,0,0,99,99
6455,17,4519,2419,2100,0,42,"VIC","Urban","6:00 AM - 12:00 PM",1,0,0,3,49,1,2,3,6,9,0,0,99,99
7404,19,2891,1481,1410,0,64,"VIC","Urban","6:00 AM - 12:00 PM",1,1,1,1,171,1,3,3,2,5,1,0,99,99
4890,13,1834,968,866,0,38,"VIC","Urban","6:00 AM - 12:00 PM",0,0,1,2,154,3,4,9,6,15,1,0,99,99
5002,13,1727,843,884,0,64,"VIC","Urban","6:00 PM - 12:00 AM",0,1,0,3,97,1,4,8,8,16,1,1,4,0
9748,25,2555,1288,1267,0,45,"NSW","Regional","12:00 PM - 6:00 PM",0,0,0,1,155,1,4,7,6,13,0,0,99,99
8255,21,970,0,970,1,48,"SA","Urban","12:00 AM - 6:00 AM",0,1,1,3,151,1,3,3,6,9,0,0,99,99
6439,17,2244,1128,1116,0,63,"NSW","Regional","6:00 AM - 12:00 PM",0,1,0,1,43,2,3,9,8,17,1,0,99,99
7723,20,3068,1819,1249,0,66,"QLD","Urban","6:00 PM - 12:00 AM",0,1,0,2,50,1,2,4,4,8,0,0,99,99
8990,23,501,0,501,1,18,"NSW","Remote","12:00 AM - 6:00 AM",0,1,0,3,122,1,4,9,9,18,0,0,99,99
8380,21,958,0,958,1,43,"TAS","Urban","12:00 PM - 6:00 PM",1,1,1,2,108,1,4,9,9,18,0,0,99,99
9306,24,643,0,643,1,72,"QLD","Urban","6:00 AM - 12:00 PM",0,1,0,3,180,3,3,0,0,0,1,0,99,99
4792,12,1591,1591,0,1,21,"NSW","Regional","6:00 PM - 12:00 AM",1,1,0,3,34,1,2,2,2,4,0,0,99,99
6900,18,2770,1685,1085,0,66,"NSW","Urban","6:00 PM - 12:00 AM",0,1,1,3,110,1,4,9,10,19,1,0,99,99
7772,20,371,0,371,0,72,"NSW","Regional","6:00 PM - 12:00 AM",0,0,0,3,44,1,3,8,10,18,0,0,99,99
8582,22,949,0,949,0,21,"VIC","Urban","12:00 AM - 6:00 AM",0,0,0,2,146,2,2,9,9,18,1,0,99,99
1234,4,4086,2260,1826,0,47,"SA","Regional","6:00 AM - 12:00 PM",1,0,0,1,54,4,4,4,3,7,0,0,99,99
9917,25,989,0,989,0,-99,"VIC","Urban","6:00 AM - 12:00 PM",0,0,0,3,130,3,3,9,7,16,0,0,99,99
7182,18,3156,2409,747,0,73,"VIC","Urban","6:00 AM - 12:00 PM",1,1,1,1,18,2,2,0,1,1,0,0,99,99
6575,17,921,0,921,0,48,"NT","Urban","6:00 PM - 12:00 AM",0,1,1,3,15,1,2,3,5,8,0,0,99,99
9869,25,1377,0,1377,1,45,"TAS","Urban","12:00 AM - 6:00 AM",0,0,1,3,83,1,3,10,8,18,0,0,99,99
3979,10,2870,1666,1204,0,66,"NT","Urban","12:00 AM - 6:00 AM",0,0,0,1,67,1,4,10,10,20,0,0,99,99
8693,22,801,0,801,0,40,"VIC","Urban","12:00 AM - 6:00 AM",0,1,0,3,16,2,3,0,0,0,0,0,99,99
8737,22,2047,1226,821,1,-99,"WA","Urban","6:00 PM - 12:00 AM",1,0,0,3,130,1,3,8,7,15,0,0,99,99
122,1,1445,0,1445,1,36,"NSW","Urban","12:00 AM - 6:00 AM",0,1,0,1,180,1,2,0,0,0,0,1,1,1
1283,4,1053,0,1053,0,44,"NSW","Urban","6:00 AM - 12:00 PM",1,1,0,2,54,1,1,7,10,17,0,0,99,99
5429,14,2965,2320,645,0,54,"NSW","Regional","6:00 AM - 12:00 PM",0,0,0,2,163,2,2,3,1,4,0,0,99,99
2578,7,541,0,541,0,73,"NSW","Remote","6:00 PM - 12:00 AM",0,1,1,3,29,1,3,4,1,5,0,0,99,99
6297,16,3653,1760,1893,1,48,"SA","Urban","6:00 PM - 12:00 AM",0,0,0,3,110,1,4,10,10,20,0,0,99,99
7192,18,1638,1638,0,0,56,"VIC","Urban","6:00 PM - 12:00 AM",0,1,0,1,84,2,4,9,10,19,1,0,99,99
4317,11,378,0,378,1,18,"VIC","Urban","6:00 PM - 12:00 AM",0,1,1,3,167,1,3,3,3,6,0,0,99,99
9073,23,3326,1848,1478,0,73,"VIC","Urban","6:00 PM - 12:00 AM",0,0,0,3,139,2,3,7,8,15,0,0,99,99
6598,17,1785,1785,0,0,71,"NSW","Urban","12:00 AM - 6:00 AM",0,1,1,2,121,1,4,10,10,20,1,0,99,99
8520,22,2791,1535,1256,1,59,"WA","Urban","12:00 AM - 6:00 AM",1,0,0,3,86,2,1,6,7,13,1,0,99,99
7360,19,1496,0,1496,0,58,"VIC","Urban","6:00 PM - 12:00 AM",0,1,1,2,20,1,3,2,3,5,1,0,99,99
5943,15,3536,1541,1995,1,33,"TAS","Urban","6:00 AM - 12:00 PM",0,0,1,3,132,2,2,7,5,12,0,0,99,99
8732,22,2725,1679,1046,1,28,"VIC","Urban","6:00 PM - 12:00 AM",1,0,1,2,67,2,2,5,3,8,0,0,99,99
7103,18,2188,1293,895,99,28,"NT","Urban","6:00 PM - 12:00 AM",0,0,0,3,51,1,3,6,7,13,1,0,99,99
4625,12,571,0,571,99,18,"SA","Urban","6:00 PM - 12:00 AM",1,0,1,3,161,2,4,4,2,6,0,0,99,99
6579,17,1616,0,1616,1,36,"NSW","Remote","12:00 PM - 6:00 PM",1,1,0,3,119,1,3,10,10,20,0,0,99,99
8276,21,2139,1689,450,0,54,"TAS","Urban","6:00 PM - 12:00 AM",0,1,0,3,21,1,2,3,3,6,1,0,99,99
3385,9,2637,1554,1083,1,68,"NSW","Urban","12:00 PM - 6:00 PM",1,1,1,2,135,2,5,10,9,19,0,0,99,99
5777,15,1261,0,1261,1,47,"QLD","Urban","12:00 AM - 6:00 AM",1,1,1,3,180,2,2,3,0,3,0,0,99,99
2359,6,807,0,807,1,31,"NSW","Remote","6:00 PM - 12:00 AM",1,0,0,3,151,1,3,8,9,17,0,0,99,99
8399,21,3662,1546,2116,0,78,"VIC","Urban","6:00 AM - 12:00 PM",1,0,0,1,25,3,3,3,4,7,0,1,5,0
4570,12,2923,1681,1242,0,53,"NSW","Urban","6:00 PM - 12:00 AM",0,1,0,3,26,2,2,3,4,7,0,0,99,99
2762,7,855,0,855,1,31,"NSW","Urban","6:00 AM - 12:00 PM",0,1,1,2,161,2,3,3,1,4,0,0,99,99
9614,25,4867,2846,2021,0,51,"VIC","Urban","6:00 PM - 12:00 AM",0,0,1,3,34,2,3,5,4,9,0,0,99,99
812,3,4229,2287,1942,0,49,"NSW","Regional","6:00 PM - 12:00 AM",0,0,0,1,168,4,4,9,9,18,1,0,99,99
6684,17,2519,1293,1226,0,59,"NSW","Remote","6:00 AM - 12:00 PM",1,1,1,3,13,4,1,0,0,0,1,1,2,0
9839,25,176,0,176,1,51,"VIC","Urban","6:00 AM - 12:00 PM",0,1,0,3,151,1,3,8,7,15,0,0,99,99
2355,6,2382,0,2382,0,43,"NSW","Regional","12:00 AM - 6:00 AM",1,0,1,3,120,1,3,8,10,18,1,0,99,99
5023,13,3049,2054,995,1,50,"NT","Urban","6:00 AM - 12:00 PM",0,1,0,3,73,1,4,8,10,18,0,0,99,99
2647,7,1823,1477,346,0,60,"NSW","Regional","12:00 AM - 6:00 AM",0,1,0,3,47,1,3,4,4,8,0,0,99,99
5527,14,714,0,714,1,50,"VIC","Urban","12:00 PM - 6:00 PM",0,0,0,1,62,2,4,7,9,16,0,0,99,99
9465,24,3388,2071,1317,0,27,"NSW","Remote","6:00 AM - 12:00 PM",1,0,0,3,144,2,4,7,6,13,0,0,99,99
3174,8,1533,1533,0,0,46,"VIC","Urban","12:00 PM - 6:00 PM",1,1,0,2,59,2,1,8,10,18,0,0,99,99
1537,4,221,0,221,1,56,"NSW","Urban","6:00 AM - 12:00 PM",1,0,0,3,162,1,4,4,4,8,0,0,99,99
7346,19,3673,2287,1386,1,64,"NSW","Urban","6:00 AM - 12:00 PM",1,0,0,3,106,1,4,9,8,17,0,0,99,99
2416,7,350,0,350,0,41,"NSW","Regional","6:00 PM - 12:00 AM",0,1,1,3,59,1,1,7,7,14,1,0,99,99
2580,7,2859,2159,700,1,59,"NSW","Regional","6:00 PM - 12:00 AM",1,1,0,3,161,4,4,7,6,13,0,0,99,99
7588,19,2793,1813,980,0,42,"NSW","Regional","6:00 AM - 12:00 PM",1,0,1,3,101,1,4,5,6,11,0,0,99,99
5621,15,2983,1716,1267,1,39,"QLD","Urban","6:00 AM - 12:00 PM",0,1,0,2,120,2,2,9,9,18,0,0,99,99
8377,21,4496,2458,2038,99,38,"NT","Urban","12:00 AM - 6:00 AM",1,0,0,1,90,1,2,7,6,13,0,1,4,0
3145,8,66,0,66,1,77,"NSW","Regional","6:00 PM - 12:00 AM",0,1,0,2,147,1,4,7,6,13,1,1,4,0
7279,19,2355,1276,1079,0,31,"VIC","Urban","6:00 AM - 12:00 PM",0,1,1,3,138,1,2,6,8,14,0,0,99,99
9003,23,521,0,521,1,57,"NSW","Remote","6:00 AM - 12:00 PM",0,0,1,1,19,1,2,3,4,7,0,0,99,99
1990,5,346,0,346,0,21,"WA","Urban","12:00 PM - 6:00 PM",0,1,1,3,84,1,4,8,10,18,0,0,99,99
5875,15,2233,2233,0,1,29,"NSW","Remote","6:00 AM - 12:00 PM",0,1,0,3,148,1,4,6,6,12,0,0,99,99
5885,15,1611,0,1611,1,-99,"SA","Urban","6:00 PM - 12:00 AM",0,0,0,3,45,2,4,5,2,7,0,0,99,99
8730,22,1898,1847,51,1,74,"NT","Urban","6:00 AM - 12:00 PM",1,0,0,3,141,2,3,10,10,20,0,0,99,99
9205,24,68,0,68,99,56,"QLD","Urban","12:00 PM - 6:00 PM",1,1,1,2,133,4,3,8,8,16,0,0,99,99
7540,19,3363,2581,782,1,59,"QLD","Urban","6:00 PM - 12:00 AM",0,0,1,1,149,2,3,6,7,13,0,0,99,99
1950,5,256,0,256,1,38,"VIC","Regional","6:00 PM - 12:00 AM",1,0,0,2,54,1,4,4,4,8,0,0,99,99
5406,14,2326,2210,116,0,66,"NSW","Regional","12:00 AM - 6:00 AM",1,1,0,3,65,1,2,6,7,13,1,0,99,99
1032,3,1218,0,1218,0,49,"VIC","Urban","6:00 AM - 12:00 PM",1,1,1,3,150,1,3,2,1,3,0,0,99,99
6331,16,2941,1754,1187,1,74,"VIC","Urban","6:00 PM - 12:00 AM",0,1,0,3,116,1,3,8,10,18,1,0,99,99
7529,19,453,0,453,1,76,"NSW","Regional","12:00 AM - 6:00 AM",0,1,0,2,150,1,3,9,9,18,0,0,99,99
8857,23,3249,2054,1195,1,20,"NSW","Urban","6:00 PM - 12:00 AM",1,1,0,3,108,2,2,10,10,20,0,0,99,99
1246,4,323,0,323,0,20,"WA","Urban","6:00 AM - 12:00 PM",0,1,1,1,12,1,1,2,0,2,0,0,99,99
253,1,3791,1756,2035,1,42,"NSW","Remote","12:00 AM - 6:00 AM",0,1,0,2,30,3,3,3,5,8,0,1,3,0
7476,19,2859,1837,1022,1,63,"NSW","Regional","6:00 PM - 12:00 AM",0,0,1,2,142,2,4,10,10,20,0,0,99,99
1727,5,3813,1790,2023,1,54,"TAS","Urban","6:00 PM - 12:00 AM",1,0,0,3,90,2,2,4,3,7,0,0,99,99
2980,8,416,0,416,99,25,"NSW","Regional","6:00 AM - 12:00 PM",0,1,0,3,69,1,5,9,10,19,0,0,99,99
3517,9,1687,0,1687,1,36,"NSW","Regional","6:00 PM - 12:00 AM",0,1,0,2,57,1,2,5,4,9,1,0,99,99
1051,3,1797,0,1797,1,59,"VIC","Regional","6:00 AM - 12:00 PM",0,1,1,3,120,3,2,6,9,15,1,0,99,99
629,2,247,0,247,0,49,"ACT","Urban","6:00 PM - 12:00 AM",0,1,0,2,84,1,3,8,8,16,0,0,99,99
6763,17,1840,1840,0,1,65,"VIC","Urban","6:00 PM - 12:00 AM",0,0,1,3,85,1,3,6,5,11,0,0,99,99
254,1,3023,1714,1309,0,41,"NSW","Urban","12:00 AM - 6:00 AM",0,0,0,3,66,1,5,8,7,15,0,0,99,99
9560,24,810,0,810,0,23,"NSW","Regional","12:00 AM - 6:00 AM",1,0,1,1,113,3,2,7,7,14,0,0,99,99
5564,14,904,0,904,0,39,"NSW","Remote","6:00 PM - 12:00 AM",0,0,0,3,89,1,4,10,10,20,0,1,4,1
8195,21,2500,1907,593,0,38,"SA","Urban","6:00 PM - 12:00 AM",0,0,0,3,133,1,3,9,10,19,0,0,99,99
2387,6,1924,1741,183,1,20,"QLD","Urban","6:00 AM - 12:00 PM",1,1,1,3,62,3,3,6,5,11,0,0,99,99
1357,4,1497,1333,164,1,38,"VIC","Urban","6:00 AM - 12:00 PM",0,1,0,3,120,1,3,10,9,19,0,0,99,99
8945,23,1005,0,1005,1,75,"NSW","Remote","6:00 AM - 12:00 PM",1,0,1,2,47,3,2,2,0,2,1,0,99,99
8265,21,2887,1923,964,0,47,"QLD","Urban","6:00 PM - 12:00 AM",0,0,0,1,150,3,2,5,3,8,0,1,3,0
8614,22,3992,2219,1773,1,45,"VIC","Urban","6:00 PM - 12:00 AM",0,0,1,3,53,1,3,5,4,9,0,0,99,99
7092,18,1474,0,1474,0,47,"VIC","Urban","6:00 PM - 12:00 AM",0,0,0,3,68,1,2,7,5,12,0,1,3,0
4886,13,4134,2024,2110,0,20,"WA","Urban","12:00 AM - 6:00 AM",1,0,0,3,35,2,3,3,5,8,0,1,4,1
2199,6,1764,1371,393,1,52,"VIC","Urban","6:00 PM - 12:00 AM",0,1,1,3,165,1,4,4,2,6,0,0,99,99
1662,5,1113,0,1113,0,41,"VIC","Urban","6:00 PM - 12:00 AM",1,1,1,3,102,1,2,9,9,18,0,0,99,99
5902,15,45,0,45,1,38,"VIC","Urban","6:00 AM - 12:00 PM",1,1,1,1,44,1,4,6,8,14,0,1,5,0
1755,5,4229,1953,2276,0,58,"SA","Urban","6:00 PM - 12:00 AM",1,0,0,2,54,1,4,6,10,16,1,0,99,99
6190,16,2826,1923,903,0,36,"QLD","Urban","6:00 PM - 12:00 AM",1,1,0,2,165,4,4,7,5,12,0,0,99,99
1122,3,1692,1497,195,1,43,"QLD","Urban","6:00 AM - 12:00 PM",1,1,0,1,90,1,3,8,7,15,0,0,99,99
8923,23,3334,1749,1585,0,76,"VIC","Urban","6:00 PM - 12:00 AM",1,0,0,3,50,2,5,5,3,8,1,0,99,99
4770,12,1150,0,1150,99,40,"NSW","Regional","6:00 PM - 12:00 AM",0,0,1,2,16,1,4,3,1,4,1,0,99,99
5925,15,1840,1840,0,0,75,"SA","Urban","6:00 AM - 12:00 PM",0,0,0,3,135,2,4,8,10,18,0,1,4,0
7560,19,2996,1767,1229,1,37,"QLD","Urban","6:00 PM - 12:00 AM",1,1,1,3,19,1,2,0,2,2,0,0,99,99
4591,12,1743,1743,0,1,52,"NSW","Regional","12:00 PM - 6:00 PM",1,0,0,2,129,2,2,8,10,18,0,0,99,99
7191,18,3019,1959,1060,99,38,"QLD","Urban","12:00 PM - 6:00 PM",0,1,1,2,138,1,4,9,10,19,0,1,4,0
1345,4,298,0,298,0,25,"NSW","Urban","6:00 AM - 12:00 PM",1,1,0,3,150,1,3,7,5,12,1,0,99,99
4320,11,3064,1634,1430,1,64,"NSW","Regional","12:00 AM - 6:00 AM",0,1,1,2,107,4,3,7,7,14,0,0,99,99
5593,14,465,0,465,1,32,"NSW","Urban","12:00 AM - 6:00 AM",0,1,0,3,179,1,3,0,1,1,0,0,99,99
7390,19,1072,0,1072,1,20,"QLD","Urban","6:00 AM - 12:00 PM",0,1,0,3,165,2,4,2,0,2,0,0,99,99
6767,17,441,0,441,1,76,"NSW","Remote","12:00 PM - 6:00 PM",1,1,0,2,97,1,4,10,9,19,0,0,99,99
46,1,279,0,279,0,23,"ACT","Urban","12:00 AM - 6:00 AM",1,1,1,3,144,2,4,8,5,13,0,0,99,99
6689,17,845,0,845,1,72,"VIC","Urban","6:00 PM - 12:00 AM",1,1,1,3,132,1,3,9,10,19,1,0,99,99
3987,10,1066,0,1066,0,54,"NSW","Regional","6:00 AM - 12:00 PM",1,0,0,3,139,1,4,7,10,17,1,1,4,0
4128,11,2529,2284,245,99,19,"QLD","Urban","6:00 PM - 12:00 AM",0,1,1,3,99,1,5,10,7,17,1,0,99,99
8925,23,3254,2600,654,1,27,"NSW","Regional","6:00 PM - 12:00 AM",0,0,0,3,133,1,3,6,5,11,0,0,99,99
2080,6,1924,1594,330,0,25,"VIC","Urban","6:00 AM - 12:00 PM",0,1,1,2,36,1,1,3,3,6,0,0,99,99
3074,8,3310,1851,1459,1,60,"NSW","Regional","6:00 PM - 12:00 AM",0,0,1,3,130,1,2,5,2,7,0,0,99,99
4273,11,1264,0,1264,1,56,"NSW","Remote","6:00 AM - 12:00 PM",0,1,1,3,23,1,2,4,5,9,0,0,99,99
5519,14,419,0,419,1,74,"NSW","Remote","6:00 PM - 12:00 AM",0,1,1,3,21,2,2,0,0,0,0,0,99,99
8744,22,1879,1879,0,0,23,"NSW","Urban","6:00 AM - 12:00 PM",1,0,1,2,13,2,3,0,1,1,1,0,99,99
6245,16,2812,2337,475,1,76,"VIC","Urban","6:00 AM - 12:00 PM",1,0,0,3,158,2,3,7,6,13,1,0,99,99
5389,14,1692,0,1692,1,41,"NSW","Remote","6:00 PM - 12:00 AM",0,1,0,3,41,2,3,4,5,9,0,0,99,99
5921,15,2668,2251,417,0,55,"VIC","Urban","12:00 AM - 6:00 AM",0,0,0,2,104,1,2,8,7,15,0,1,1,0
8817,23,3213,1978,1235,1,49,"NSW","Regional","12:00 PM - 6:00 PM",0,1,0,3,96,3,4,6,5,11,1,0,99,99
808,3,1056,0,1056,0,31,"SA","Regional","6:00 PM - 12:00 AM",1,1,1,3,84,2,4,7,7,14,1,0,99,99
8994,23,2804,1783,1021,0,-99,"VIC","Urban","6:00 PM - 12:00 AM",1,1,0,3,107,2,4,10,10,20,0,0,99,99
6658,17,817,0,817,1,55,"NSW","Urban","6:00 PM - 12:00 AM",0,1,0,3,161,3,3,3,3,6,1,0,99,99
7370,19,1210,0,1210,1,-99,"VIC","Urban","6:00 PM - 12:00 AM",1,1,0,3,165,2,4,2,5,7,0,1,4,0
229,1,1751,1450,301,1,31,"NSW","Remote","12:00 AM - 6:00 AM",1,0,0,2,132,2,4,9,8,17,1,0,99,99
5267,14,1120,0,1120,1,64,"SA","Urban","6:00 AM - 12:00 PM",0,1,0,2,72,1,2,8,9,17,1,0,99,99
6236,16,2515,0,2515,0,27,"VIC","Urban","6:00 AM - 12:00 PM",1,1,1,2,38,1,2,5,5,10,0,0,99,99
5518,14,755,0,755,1,-99,"NSW","Regional","6:00 AM - 12:00 PM",0,1,0,3,62,1,3,8,7,15,0,0,99,99
7462,19,3088,1806,1282,0,-99,"QLD","Urban","6:00 PM - 12:00 AM",0,1,0,2,104,2,2,9,10,19,0,0,99,99
4331,11,2640,1823,817,0,26,"VIC","Urban","6:00 AM - 12:00 PM",0,0,0,2,35,2,2,4,1,5,1,0,99,99
131,1,1010,0,1010,0,31,"WA","Regional","12:00 AM - 6:00 AM",1,0,0,3,132,1,4,8,5,13,1,0,99,99
3029,8,772,0,772,0,19,"NSW","Urban","12:00 AM - 6:00 AM",0,1,1,3,13,1,2,0,0,0,0,0,99,99
200,1,246,0,246,1,48,"NSW","Regional","12:00 AM - 6:00 AM",1,0,1,3,108,1,5,8,4,12,0,0,99,99
3494,9,3106,1810,1296,0,45,"VIC","Urban","12:00 AM - 6:00 AM",0,0,0,1,67,4,4,10,10,20,0,1,4,0
184,1,367,0,367,1,23,"NSW","Urban","12:00 AM - 6:00 AM",1,1,1,3,126,1,3,8,9,17,1,0,99,99
3371,9,1856,1856,0,1,70,"NT","Urban","6:00 AM - 12:00 PM",0,1,0,2,90,1,2,9,10,19,0,0,99,99
2330,6,3017,1606,1411,0,67,"TAS","Urban","6:00 AM - 12:00 PM",1,0,0,2,170,1,4,3,3,6,1,0,99,99
2312,6,794,0,794,1,78,"NSW","Urban","6:00 PM - 12:00 AM",1,1,1,3,42,1,2,3,3,6,0,0,99,99
2842,8,2813,1803,1010,99,29,"WA","Urban","6:00 PM - 12:00 AM",1,0,1,1,83,3,2,6,4,10,1,0,99,99
4487,12,3216,1690,1526,1,33,"QLD","Urban","6:00 PM - 12:00 AM",1,0,0,3,62,1,4,7,6,13,0,1,3,1
3173,8,383,0,383,1,18,"QLD","Urban","6:00 PM - 12:00 AM",1,1,0,1,59,2,3,6,6,12,0,0,99,99
484,2,197,0,197,0,59,"NT","Urban","6:00 PM - 12:00 AM",0,1,0,3,144,1,4,5,8,13,0,0,99,99
7428,19,960,960,0,1,52,"NSW","Regional","6:00 AM - 12:00 PM",1,0,1,2,70,1,3,8,9,17,0,0,99,99
9920,25,2707,1095,1612,1,37,"NSW","Regional","6:00 PM - 12:00 AM",0,0,0,3,117,2,4,10,10,20,1,0,99,99
8780,22,2074,1976,98,0,66,"VIC","Urban","12:00 PM - 6:00 PM",0,1,1,3,109,1,2,5,4,9,1,1,5,0
5104,13,1363,0,1363,0,39,"WA","Urban","6:00 PM - 12:00 AM",0,1,1,3,124,1,4,5,4,9,0,0,99,99
3651,10,3637,2444,1193,0,67,"NSW","Regional","12:00 PM - 6:00 PM",1,0,0,1,56,4,3,6,6,12,0,1,1,1
1006,3,263,0,263,1,25,"TAS","Urban","6:00 AM - 12:00 PM",1,1,0,2,96,2,4,10,10,20,0,0,99,99
2296,6,1966,1966,0,0,39,"VIC","Urban","6:00 AM - 12:00 PM",0,0,0,3,145,2,4,6,5,11,1,0,99,99
4764,12,525,0,525,0,42,"SA","Urban","6:00 AM - 12:00 PM",1,0,0,1,81,2,3,7,9,16,1,0,99,99
38,1,209,0,209,1,48,"TAS","Urban","12:00 AM - 6:00 AM",0,1,0,1,150,1,3,8,8,16,1,0,99,99
6562,17,2750,1975,775,0,-99,"NSW","Remote","6:00 PM - 12:00 AM",0,1,0,3,162,1,3,1,3,4,0,0,99,99
153,1,3414,1763,1651,0,49,"NSW","Urban","12:00 AM - 6:00 AM",0,0,0,3,120,1,1,10,10,20,0,0,99,99
363,1,174,0,174,1,33,"VIC","Regional","6:00 PM - 12:00 AM",1,1,0,2,168,1,3,2,1,3,0,0,99,99
6547,17,2790,2062,728,1,47,"NSW","Regional","6:00 PM - 12:00 AM",1,1,1,3,16,1,3,3,1,4,0,0,99,99
1391,4,241,0,241,0,22,"VIC","Urban","12:00 PM - 6:00 PM",1,1,0,2,126,1,5,8,8,16,1,0,99,99
5785,15,446,0,446,1,72,"NSW","Regional","12:00 AM - 6:00 AM",0,1,0,2,147,2,5,8,8,16,0,0,99,99
7455,19,1601,0,1601,0,71,"NSW","Urban","6:00 AM - 12:00 PM",1,1,0,3,67,4,2,6,9,15,1,0,99,99
1431,4,2492,1519,973,1,35,"VIC","Urban","6:00 AM - 12:00 PM",1,0,0,3,168,2,3,2,5,7,0,0,99,99
8287,21,1347,0,1347,1,55,"VIC","Urban","12:00 AM - 6:00 AM",1,1,0,2,152,1,1,3,2,5,0,0,99,99
8264,21,2196,1159,1037,1,39,"VIC","Urban","6:00 AM - 12:00 PM",0,1,0,2,168,3,4,0,2,2,0,0,99,99
6383,16,338,0,338,1,69,"NT","Urban","12:00 AM - 6:00 AM",1,1,0,3,36,1,3,9,9,18,0,0,99,99
7514,19,1839,1839,0,0,47,"WA","Urban","6:00 PM - 12:00 AM",0,1,0,2,26,4,2,0,0,0,0,0,99,99
2573,7,712,0,712,1,68,"NSW","Regional","6:00 PM - 12:00 AM",1,1,0,3,36,1,4,8,8,16,1,1,3,0
2673,7,1106,0,1106,0,61,"VIC","Urban","6:00 AM - 12:00 PM",1,0,0,2,76,1,2,8,10,18,0,1,4,0
3684,10,1306,1029,277,1,36,"VIC","Urban","12:00 PM - 6:00 PM",0,1,1,2,140,2,4,7,10,17,0,0,99,99
5175,13,404,0,404,1,67,"WA","Urban","6:00 PM - 12:00 AM",0,1,0,3,155,2,3,7,3,10,1,1,2,0
1219,4,271,0,271,1,21,"NSW","Urban","6:00 AM - 12:00 PM",0,1,0,3,78,2,2,10,10,20,0,1,5,0
3617,10,1813,1697,116,0,57,"WA","Urban","6:00 AM - 12:00 PM",1,1,1,2,129,1,3,6,7,13,1,0,99,99
4187,11,795,0,795,0,65,"NSW","Regional","6:00 AM - 12:00 PM",0,0,1,1,113,1,2,8,10,18,0,1,1,1
6701,17,3524,2300,1224,0,71,"TAS","Urban","6:00 PM - 12:00 AM",1,0,0,1,32,1,4,0,2,2,0,0,99,99
9503,24,1664,0,1664,0,77,"NSW","Remote","12:00 AM - 6:00 AM",0,1,0,3,154,2,4,8,7,15,0,0,99,99
6347,16,1614,0,1614,1,37,"VIC","Urban","12:00 AM - 6:00 AM",0,0,1,2,74,2,2,6,10,16,1,0,99,99
2143,6,1736,1736,0,0,66,"NSW","Regional","12:00 AM - 6:00 AM",1,0,1,3,81,1,4,10,10,20,1,0,99,99
5952,15,2414,2414,0,1,46,"TAS","Urban","6:00 AM - 12:00 PM",1,0,0,2,154,1,4,2,0,2,0,1,5,1
255,1,329,0,329,0,20,"VIC","Regional","12:00 AM - 6:00 AM",1,0,0,3,120,2,4,8,6,14,1,0,99,99
707,2,4626,2568,2058,0,48,"VIC","Urban","6:00 PM - 12:00 AM",1,0,0,3,18,1,3,0,0,0,0,0,99,99
8891,23,2316,1494,822,1,36,"NSW","Regional","6:00 PM - 12:00 AM",1,0,1,3,173,4,2,0,0,0,1,0,99,99
7657,20,886,0,886,1,61,"TAS","Urban","6:00 AM - 12:00 PM",0,1,0,3,64,3,3,8,6,14,0,0,99,99
5631,15,443,0,443,0,21,"TAS","Urban","12:00 PM - 6:00 PM",0,0,1,1,24,1,2,3,3,6,1,1,5,0
882,3,383,0,383,0,24,"QLD","Urban","6:00 AM - 12:00 PM",1,1,0,3,144,1,4,3,5,8,0,0,99,99
1453,4,166,0,166,1,43,"VIC","Urban","6:00 AM - 12:00 PM",0,0,0,3,120,1,3,10,10,20,0,0,99,99
6379,16,2749,2085,664,1,21,"NSW","Urban","6:00 AM - 12:00 PM",0,1,0,3,43,1,3,4,7,11,0,0,99,99
2601,7,1743,1743,0,1,39,"VIC","Urban","6:00 PM - 12:00 AM",1,1,0,2,156,1,2,9,10,19,0,0,99,99
5618,15,2151,1365,786,0,65,"NT","Urban","6:00 AM - 12:00 PM",0,1,0,3,86,2,3,9,4,13,1,0,99,99
6888,18,395,0,395,0,69,"QLD","Urban","12:00 PM - 6:00 PM",1,0,0,1,156,4,2,5,6,11,1,1,0,1
7025,18,1735,1609,126,0,39,"NSW","Regional","6:00 AM - 12:00 PM",0,1,0,3,58,1,3,9,10,19,0,0,99,99
8375,21,1518,0,1518,1,68,"VIC","Urban","6:00 PM - 12:00 AM",1,1,1,2,51,2,5,8,8,16,1,1,0,0
8880,23,2443,2147,296,1,64,"SA","Urban","12:00 AM - 6:00 AM",1,0,1,1,103,2,2,10,10,20,1,0,99,99
4965,13,2874,1513,1361,0,75,"NSW","Regional","12:00 PM - 6:00 PM",0,0,0,3,45,2,3,6,7,13,0,0,99,99
4329,11,3523,1924,1599,1,59,"NT","Urban","12:00 AM - 6:00 AM",1,0,1,1,151,4,2,7,10,17,1,1,4,0
7016,18,585,0,585,1,78,"NSW","Urban","6:00 AM - 12:00 PM",1,0,1,3,30,4,3,3,5,8,0,0,99,99
4902,13,1576,0,1576,1,64,"NT","Urban","6:00 PM - 12:00 AM",1,1,1,1,67,1,4,6,6,12,0,0,99,99
8233,21,1755,944,811,0,76,"WA","Urban","12:00 AM - 6:00 AM",1,1,1,3,125,1,2,5,0,5,0,1,4,0
7040,18,22,0,22,1,35,"NSW","Regional","6:00 AM - 12:00 PM",1,1,0,3,144,1,3,8,10,18,0,0,99,99
8230,21,3394,1767,1627,0,58,"QLD","Urban","6:00 PM - 12:00 AM",0,1,0,1,69,4,4,9,10,19,0,0,99,99
9049,23,1885,1184,701,0,36,"NSW","Remote","12:00 PM - 6:00 PM",0,1,1,1,36,1,4,7,10,17,0,0,99,99
7909,20,1183,0,1183,1,42,"NSW","Regional","6:00 AM - 12:00 PM",0,1,1,2,66,1,4,7,10,17,0,1,1,1
4056,11,3207,1798,1409,1,56,"NT","Urban","6:00 AM - 12:00 PM",0,0,0,2,22,1,3,3,2,5,0,0,99,99
5790,15,400,0,400,0,23,"VIC","Urban","6:00 AM - 12:00 PM",1,1,1,2,96,2,4,10,6,16,0,1,2,0
4888,13,1107,0,1107,1,74,"TAS","Urban","6:00 AM - 12:00 PM",1,0,0,3,84,2,5,10,8,18,0,0,99,99
1174,3,906,0,906,0,31,"VIC","Regional","6:00 AM - 12:00 PM",1,1,1,3,150,1,2,9,9,18,1,0,99,99
5206,14,2742,1349,1393,1,34,"NSW","Regional","6:00 AM - 12:00 PM",1,1,1,2,92,1,1,7,8,15,0,0,99,99
9713,25,2760,2102,658,1,67,"SA","Urban","6:00 PM - 12:00 AM",1,1,0,1,67,1,2,6,7,13,0,0,99,99
9054,23,941,0,941,0,32,"NSW","Urban","6:00 PM - 12:00 AM",0,1,1,1,57,2,4,9,10,19,1,1,5,0
9364,24,2894,2894,0,0,37,"SA","Urban","12:00 PM - 6:00 PM",1,1,1,3,165,1,4,7,10,17,1,0,99,99
8649,22,2191,2191,0,0,64,"NT","Urban","12:00 PM - 6:00 PM",0,0,0,1,23,1,2,3,6,9,0,0,99,99
3930,10,1641,0,1641,0,51,"QLD","Urban","6:00 AM - 12:00 PM",0,0,0,2,97,4,5,10,10,20,1,1,3,0
414,2,1330,1183,147,0,37,"NSW","Urban","6:00 PM - 12:00 AM",0,1,0,3,150,1,3,8,5,13,0,0,99,99
5737,15,1297,0,1297,1,27,"SA","Urban","6:00 AM - 12:00 PM",1,1,1,1,39,1,4,9,8,17,0,1,3,0
7098,18,505,0,505,1,30,"NSW","Remote","12:00 PM - 6:00 PM",0,0,1,3,163,2,3,8,10,18,0,0,99,99
527,2,176,0,176,1,46,"TAS","Remote","6:00 PM - 12:00 AM",0,1,1,2,180,1,3,2,0,2,0,0,99,99
4757,12,659,0,659,0,20,"VIC","Urban","6:00 PM - 12:00 AM",1,1,0,1,22,1,2,0,2,2,1,0,99,99
3881,10,1619,0,1619,0,32,"NSW","Urban","6:00 AM - 12:00 PM",1,0,0,3,115,4,2,9,10,19,1,0,99,99
8066,21,511,0,511,0,54,"WA","Urban","6:00 AM - 12:00 PM",0,0,1,3,158,4,2,9,9,18,1,0,99,99
9638,25,931,0,931,1,35,"NSW","Regional","6:00 PM - 12:00 AM",0,0,0,2,110,4,3,10,8,18,0,0,99,99
4010,11,1579,0,1579,1,-99,"NSW","Regional","6:00 PM - 12:00 AM",1,0,0,2,149,3,2,4,4,8,0,0,99,99
4106,11,739,0,739,1,22,"NSW","Remote","12:00 AM - 6:00 AM",0,1,1,2,106,2,4,10,10,20,0,0,99,99
2957,8,1085,1085,0,99,47,"QLD","Urban","6:00 PM - 12:00 AM",0,1,0,2,51,1,2,7,8,15,0,0,99,99
8070,21,2243,915,1328,1,62,"VIC","Urban","6:00 PM - 12:00 AM",0,1,0,3,28,1,4,3,4,7,1,1,4,0
7694,20,2530,1801,729,1,55,"NSW","Remote","6:00 PM - 12:00 AM",1,0,0,1,63,2,3,5,4,9,0,0,99,99
3769,10,1123,0,1123,1,40,"NSW","Regional","12:00 AM - 6:00 AM",1,0,0,3,87,3,4,10,7,17,0,0,99,99
7238,19,1818,1818,0,1,72,"NSW","Urban","6:00 PM - 12:00 AM",0,1,0,3,20,1,4,0,2,2,1,0,99,99
6089,16,2226,1663,563,0,49,"NSW","Urban","6:00 PM - 12:00 AM",0,0,1,3,56,1,4,6,3,9,0,1,5,0
1380,4,3361,1875,1486,1,52,"VIC","Urban","12:00 PM - 6:00 PM",0,0,1,1,156,3,2,8,7,15,0,0,99,99
757,2,3827,2001,1826,1,46,"QLD","Urban","12:00 PM - 6:00 PM",1,0,1,1,180,2,3,6,5,11,1,0,99,99
2638,7,2556,1361,1195,1,50,"VIC","Urban","6:00 AM - 12:00 PM",1,1,0,3,25,2,3,4,0,4,0,0,99,99
1042,3,909,0,909,0,33,"NT","Urban","6:00 AM - 12:00 PM",1,1,1,2,102,2,3,10,10,20,1,0,99,99
6906,18,405,0,405,0,35,"NSW","Regional","6:00 PM - 12:00 AM",0,1,1,3,141,1,2,6,4,10,0,0,99,99
2150,6,1558,1520,38,99,69,"NSW","Urban","6:00 AM - 12:00 PM",0,1,0,3,114,2,2,10,10,20,1,1,3,1
3152,8,540,0,540,1,35,"NSW","Regional","12:00 PM - 6:00 PM",0,1,0,3,105,2,1,7,5,12,0,0,99,99
4386,11,779,0,779,0,49,"QLD","Urban","6:00 PM - 12:00 AM",1,0,1,2,13,2,3,0,0,0,1,0,99,99
294,1,1569,1211,358,0,34,"SA","Urban","12:00 AM - 6:00 AM",1,0,0,3,138,2,3,9,7,16,0,0,99,99
7845,20,2028,1911,117,0,33,"NSW","Regional","6:00 AM - 12:00 PM",0,0,0,1,104,1,4,10,10,20,1,1,5,0
4292,11,2363,1596,767,0,50,"TAS","Urban","6:00 PM - 12:00 AM",1,1,1,3,133,1,3,5,6,11,0,0,99,99
3822,10,3820,1917,1903,1,56,"VIC","Urban","6:00 PM - 12:00 AM",0,0,1,1,96,1,1,6,5,11,0,0,99,99
8019,21,2784,2270,514,1,57,"VIC","Urban","6:00 AM - 12:00 PM",1,0,1,1,91,1,4,6,7,13,1,0,99,99
9991,25,2688,1986,702,0,18,"VIC","Urban","6:00 PM - 12:00 AM",1,1,1,3,133,2,4,7,10,17,0,1,5,0
6093,16,2674,1720,954,0,77,"TAS","Urban","6:00 AM - 12:00 PM",1,1,0,3,22,2,3,2,3,5,0,0,99,99
3772,10,2508,2007,501,0,34,"VIC","Urban","6:00 PM - 12:00 AM",1,1,1,3,73,1,2,6,6,12,0,0,99,99
1849,5,3526,2157,1369,1,46,"ACT","Urban","6:00 PM - 12:00 AM",1,0,1,1,156,2,5,6,10,16,1,1,3,0
2559,7,1328,0,1328,0,57,"NSW","Regional","6:00 AM - 12:00 PM",0,1,1,3,139,1,3,8,9,17,0,1,5,0
5185,13,2697,2076,621,1,39,"NT","Urban","12:00 AM - 6:00 AM",1,1,1,3,64,1,2,9,7,16,1,0,99,99
5011,13,1582,0,1582,0,43,"QLD","Urban","6:00 AM - 12:00 PM",1,1,0,3,106,1,3,10,10,20,1,0,99,99
8978,23,794,0,794,1,37,"NT","Urban","6:00 AM - 12:00 PM",0,1,0,3,118,1,2,8,9,17,1,0,99,99
9469,24,2575,1841,734,0,77,"VIC","Urban","12:00 PM - 6:00 PM",1,0,1,1,130,1,4,7,5,12,0,0,99,99
3572,9,2870,2031,839,99,58,"NSW","Regional","6:00 PM - 12:00 AM",1,0,0,3,147,2,2,3,0,3,1,0,99,99
3006,8,2805,2230,575,1,28,"VIC","Urban","12:00 AM - 6:00 AM",0,1,1,3,74,2,3,5,8,13,0,0,99,99
2294,6,1798,1798,0,99,26,"SA","Urban","6:00 AM - 12:00 PM",1,0,1,2,30,2,2,0,0,0,0,0,99,99
1166,3,2910,1494,1416,1,50,"TAS","Urban","6:00 AM - 12:00 PM",1,0,1,3,42,1,2,9,5,14,0,0,99,99
1835,5,2606,1751,855,0,44,"ACT","Urban","12:00 PM - 6:00 PM",0,1,0,3,120,1,4,6,7,13,0,0,99,99
8193,21,1859,1859,0,1,18,"VIC","Urban","6:00 PM - 12:00 AM",1,1,1,3,179,2,4,3,3,6,0,0,99,99
7826,20,3627,1666,1961,0,60,"NSW","Urban","6:00 PM - 12:00 AM",1,1,1,1,112,3,2,10,10,20,0,0,99,99
3439,9,3062,1960,1102,1,45,"TAS","Urban","6:00 PM - 12:00 AM",0,1,1,1,39,1,2,7,8,15,0,0,99,99
260,1,2664,1612,1052,1,45,"NSW","Regional","12:00 AM - 6:00 AM",0,0,0,3,30,4,4,10,9,19,1,0,99,99
7349,19,1941,1427,514,1,-99,"NSW","Regional","12:00 PM - 6:00 PM",1,0,0,2,46,1,3,7,6,13,0,0,99,99
7603,20,423,0,423,1,59,"NSW","Urban","6:00 PM - 12:00 AM",0,1,1,3,67,2,4,5,7,12,0,0,99,99
7149,18,2431,1586,845,1,57,"VIC","Urban","12:00 AM - 6:00 AM",1,1,0,3,94,4,4,10,10,20,0,0,99,99
8627,22,2745,1613,1132,1,30,"VIC","Urban","6:00 PM - 12:00 AM",0,0,1,1,106,2,4,10,10,20,0,0,99,99
6457,17,1692,0,1692,1,44,"WA","Urban","12:00 AM - 6:00 AM",0,1,0,2,81,2,3,9,10,19,0,0,99,99
6064,16,1637,0,1637,1,74,"VIC","Urban","6:00 AM - 12:00 PM",1,0,0,3,81,1,3,6,6,12,0,0,99,99
8382,21,1783,1783,0,1,30,"NSW","Regional","12:00 PM - 6:00 PM",1,1,0,3,122,2,4,8,6,14,1,0,99,99
7240,19,271,0,271,0,56,"VIC","Urban","6:00 PM - 12:00 AM",0,0,1,3,81,1,3,6,6,12,0,0,99,99
2959,8,1468,0,1468,0,-99,"VIC","Urban","6:00 PM - 12:00 AM",1,0,1,1,67,2,2,7,10,17,0,0,99,99
2947,8,1904,1904,0,99,53,"QLD","Urban","6:00 PM - 12:00 AM",1,1,0,3,56,2,4,9,10,19,0,0,99,99
5409,14,3208,1803,1405,1,36,"QLD","Urban","6:00 PM - 12:00 AM",0,0,0,1,68,1,4,9,10,19,0,0,99,99
488,2,1223,0,1223,1,40,"NSW","Urban","6:00 PM - 12:00 AM",1,1,0,2,138,2,3,10,10,20,1,0,99,99
3870,10,2442,1098,1344,1,62,"WA","Urban","6:00 PM - 12:00 AM",0,1,0,1,84,1,3,8,6,14,0,0,99,99
2788,7,3805,1998,1807,0,24,"VIC","Urban","6:00 AM - 12:00 PM",0,0,1,3,116,2,2,8,6,14,0,0,99,99
4623,12,3231,1806,1425,1,31,"VIC","Urban","6:00 PM - 12:00 AM",0,0,1,3,83,2,2,5,4,9,0,0,99,99
6091,16,422,0,422,1,41,"NSW","Regional","12:00 AM - 6:00 AM",1,1,0,3,155,1,5,10,7,17,0,0,99,99
5832,15,1315,0,1315,0,41,"TAS","Urban","12:00 AM - 6:00 AM",0,1,0,3,53,2,4,8,8,16,0,0,99,99
1697,5,258,0,258,1,38,"VIC","Regional","6:00 PM - 12:00 AM",1,1,1,3,132,1,3,9,9,18,0,0,99,99
9719,25,2012,0,2012,1,32,"NSW","Regional","12:00 AM - 6:00 AM",0,0,1,3,158,4,4,9,7,16,0,0,99,99
7324,19,1021,0,1021,0,46,"VIC","Urban","6:00 PM - 12:00 AM",1,1,0,3,45,1,2,3,5,8,0,0,99,99
7437,19,1797,0,1797,1,32,"VIC","Urban","6:00 AM - 12:00 PM",1,1,0,3,93,2,4,10,10,20,0,1,4,1
5277,14,1425,1425,0,1,59,"NSW","Regional","6:00 PM - 12:00 AM",0,1,0,3,12,4,3,0,0,0,0,0,99,99
3230,9,2408,1878,530,0,24,"VIC","Urban","6:00 PM - 12:00 AM",0,1,1,1,102,1,4,10,9,19,1,0,99,99
7145,18,2620,2132,488,1,57,"NSW","Urban","12:00 PM - 6:00 PM",1,1,0,2,139,3,4,8,5,13,1,0,99,99
5141,13,400,0,400,0,69,"VIC","Urban","6:00 AM - 12:00 PM",0,0,1,3,35,2,2,3,4,7,0,0,99,99
497,2,606,0,606,1,35,"NSW","Regional","6:00 PM - 12:00 AM",0,1,0,3,120,1,5,9,10,19,0,0,99,99
7179,18,3730,2483,1247,1,28,"NSW","Remote","12:00 AM - 6:00 AM",1,1,0,3,131,2,3,7,9,16,0,0,99,99
3000,8,1743,1518,225,0,29,"NSW","Urban","6:00 PM - 12:00 AM",0,1,0,3,98,1,4,10,10,20,0,0,99,99
1759,5,3831,2066,1765,0,60,"VIC","Urban","6:00 PM - 12:00 AM",1,0,0,2,168,1,3,5,9,14,0,0,99,99
7131,18,526,0,526,1,39,"QLD","Urban","6:00 AM - 12:00 PM",1,1,0,3,72,1,3,5,5,10,0,0,99,99
2407,7,2539,1985,554,1,19,"VIC","Urban","12:00 PM - 6:00 PM",0,1,0,3,21,1,1,3,2,5,0,0,99,99
7127,18,681,0,681,1,28,"WA","Urban","6:00 PM - 12:00 AM",1,0,0,2,153,2,3,8,9,17,0,0,99,99
6842,18,2976,2208,768,0,64,"NSW","Regional","6:00 PM - 12:00 AM",1,0,0,3,130,2,1,6,7,13,0,0,99,99
147,1,165,0,165,0,28,"NSW","Urban","12:00 PM - 6:00 PM",1,1,1,3,12,1,2,0,0,0,0,0,99,99
5348,14,2681,1280,1401,0,35,"SA","Urban","6:00 AM - 12:00 PM",1,1,1,3,166,2,3,4,3,7,1,0,99,99
9948,25,3270,2402,868,0,73,"QLD","Urban","6:00 PM - 12:00 AM",0,1,0,2,18,1,4,0,0,0,1,1,5,0
9275,24,1237,1237,0,0,24,"VIC","Urban","6:00 PM - 12:00 AM",0,1,0,1,26,2,4,0,0,0,0,0,99,99
1763,5,2071,1556,515,1,44,"NSW","Remote","6:00 PM - 12:00 AM",1,1,0,3,168,1,3,10,5,15,0,0,99,99
5271,14,799,0,799,99,53,"NT","Urban","6:00 AM - 12:00 PM",1,1,1,2,157,2,2,5,7,12,1,0,99,99
9914,25,3624,2199,1425,1,56,"NT","Urban","12:00 PM - 6:00 PM",1,0,0,3,126,2,3,9,7,16,0,0,99,99
6372,16,1242,0,1242,1,67,"VIC","Urban","12:00 AM - 6:00 AM",0,0,0,3,62,1,4,7,10,17,0,0,99,99
1141,3,304,0,304,1,24,"NSW","Remote","6:00 AM - 12:00 PM",0,1,1,3,96,1,2,6,5,11,1,0,99,99
3485,9,2668,2583,85,0,61,"VIC","Urban","12:00 PM - 6:00 PM",1,1,1,3,129,2,4,8,6,14,0,0,99,99
7431,19,1991,1448,543,0,73,"NSW","Remote","6:00 AM - 12:00 PM",0,0,1,3,108,1,3,10,6,16,0,0,99,99
8303,21,2278,1401,877,1,-99,"NSW","Remote","6:00 PM - 12:00 AM",1,1,0,3,79,2,3,10,8,18,0,0,99,99
7049,18,2839,2839,0,0,46,"NSW","Regional","12:00 PM - 6:00 PM",0,1,0,3,40,2,3,3,5,8,1,1,1,1
2735,7,736,0,736,0,20,"NSW","Regional","12:00 AM - 6:00 AM",1,0,0,2,117,4,2,8,8,16,0,0,99,99
9441,24,1597,1302,295,0,38,"NSW","Regional","6:00 AM - 12:00 PM",0,1,1,1,118,1,3,10,10,20,1,0,99,99
4436,12,2106,1618,488,1,45,"QLD","Urban","6:00 PM - 12:00 AM",0,1,0,3,68,2,5,10,9,19,0,0,99,99
8054,21,2622,1704,918,0,18,"VIC","Urban","6:00 PM - 12:00 AM",1,1,0,1,150,1,3,9,10,19,0,0,99,99
6775,17,2554,2554,0,0,59,"VIC","Urban","6:00 AM - 12:00 PM",1,1,0,1,72,1,2,9,10,19,0,0,99,99
1437,4,3510,1852,1658,0,54,"VIC","Urban","6:00 AM - 12:00 PM",0,0,1,3,72,4,5,10,10,20,0,0,99,99
158,1,304,0,304,0,18,"NSW","Urban","12:00 PM - 6:00 PM",1,1,0,2,126,1,3,9,7,16,0,0,99,99
7291,19,1478,0,1478,1,65,"VIC","Urban","6:00 PM - 12:00 AM",1,0,1,3,34,3,3,4,1,5,0,0,99,99
2194,6,1143,0,1143,0,29,"NSW","Remote","12:00 AM - 6:00 AM",0,1,1,3,49,2,3,2,1,3,0,0,99,99
1919,5,3920,2409,1511,0,46,"VIC","Urban","6:00 PM - 12:00 AM",0,0,0,3,96,1,4,9,10,19,0,0,99,99
7963,20,734,0,734,0,67,"SA","Urban","6:00 AM - 12:00 PM",1,1,1,1,74,2,4,10,10,20,0,0,99,99
5199,13,1833,1491,342,0,65,"NSW","Remote","6:00 AM - 12:00 PM",1,0,0,3,132,3,3,8,7,15,0,1,4,0
8442,22,3499,2148,1351,0,-99,"NSW","Urban","6:00 PM - 12:00 AM",0,1,1,1,61,4,2,2,3,5,1,0,99,99
4875,13,2746,1500,1246,1,25,"NSW","Urban","6:00 PM - 12:00 AM",1,0,1,1,100,3,3,10,10,20,0,0,99,99
6714,17,1078,0,1078,0,30,"QLD","Urban","6:00 AM - 12:00 PM",0,1,1,3,116,3,3,9,10,19,1,0,99,99
3290,9,2952,2058,894,0,19,"NSW","Urban","12:00 AM - 6:00 AM",0,0,0,3,123,1,3,7,6,13,0,0,99,99
5146,13,2529,1616,913,99,47,"TAS","Urban","12:00 AM - 6:00 AM",1,1,1,3,15,4,4,2,3,5,0,0,99,99
7091,18,3440,1450,1990,1,33,"NSW","Remote","6:00 AM - 12:00 PM",1,1,0,3,85,1,1,6,0,6,1,0,99,99
8644,22,3238,2595,643,99,31,"WA","Urban","6:00 PM - 12:00 AM",0,0,0,3,173,2,3,4,2,6,0,1,3,1
1196,3,206,0,206,0,60,"NSW","Urban","6:00 AM - 12:00 PM",1,1,1,2,96,1,3,5,5,10,0,0,99,99
3655,10,1604,1604,0,1,47,"NSW","Urban","6:00 AM - 12:00 PM",1,0,1,3,98,1,1,5,5,10,1,1,1,1
2808,8,1171,0,1171,1,38,"VIC","Urban","6:00 PM - 12:00 AM",0,1,1,2,107,2,4,10,10,20,1,0,99,99
3308,9,1038,0,1038,1,28,"VIC","Urban","12:00 AM - 6:00 AM",0,1,0,3,133,1,2,8,8,16,0,0,99,99
9617,25,2821,2160,661,0,50,"NT","Urban","6:00 PM - 12:00 AM",1,0,1,1,21,2,3,3,4,7,0,0,99,99
6641,17,247,0,247,0,56,"WA","Urban","12:00 AM - 6:00 AM",1,1,1,2,95,1,1,9,9,18,1,1,1,0
794,2,929,0,929,1,36,"QLD","Urban","6:00 PM - 12:00 AM",1,1,1,2,126,2,1,8,10,18,1,1,4,0
7209,19,1393,0,1393,0,47,"NSW","Urban","6:00 PM - 12:00 AM",0,1,0,3,65,3,1,5,5,10,0,0,99,99
8594,22,3042,1801,1241,1,64,"NSW","Regional","6:00 AM - 12:00 PM",0,1,1,1,80,3,2,10,10,20,0,0,99,99
8242,21,3885,2143,1742,1,76,"NT","Urban","6:00 PM - 12:00 AM",0,0,0,3,45,1,4,6,5,11,0,0,99,99
2793,7,877,0,877,1,28,"NT","Urban","6:00 PM - 12:00 AM",0,0,1,3,93,1,3,10,9,19,1,0,99,99
5028,13,562,0,562,1,46,"NT","Urban","12:00 PM - 6:00 PM",0,0,1,1,129,4,4,6,7,13,0,0,99,99
4475,12,3199,1469,1730,1,51,"VIC","Urban","6:00 AM - 12:00 PM",0,0,1,3,16,1,5,3,3,6,0,1,3,1
9723,25,2015,1401,614,1,40,"NSW","Urban","12:00 AM - 6:00 AM",0,1,1,3,93,2,2,8,5,13,0,0,99,99
1557,4,415,0,415,1,31,"VIC","Urban","12:00 PM - 6:00 PM",1,1,0,3,78,1,2,9,7,16,1,0,99,99
8300,21,1494,1494,0,0,46,"VIC","Urban","12:00 AM - 6:00 AM",0,0,1,3,26,2,5,3,0,3,0,0,99,99
1636,5,2339,1910,429,0,51,"VIC","Urban","6:00 PM - 12:00 AM",0,0,0,1,66,2,3,6,7,13,0,0,99,99
9940,25,2320,1750,570,0,65,"QLD","Urban","6:00 PM - 12:00 AM",1,0,0,3,65,1,3,8,9,17,0,0,99,99
3186,8,3729,2255,1474,1,78,"NSW","Urban","6:00 PM - 12:00 AM",0,1,1,3,167,2,5,3,6,9,1,0,99,99
4164,11,958,0,958,1,48,"NSW","Regional","6:00 PM - 12:00 AM",0,0,1,2,100,1,3,10,10,20,1,0,99,99
8976,23,1470,1470,0,1,19,"NSW","Regional","6:00 AM - 12:00 PM",0,1,0,3,33,1,3,3,4,7,0,0,99,99
6943,18,969,0,969,1,72,"VIC","Urban","6:00 PM - 12:00 AM",1,0,1,2,176,1,2,0,0,0,1,0,99,99
7249,19,1349,0,1349,0,36,"VIC","Urban","6:00 PM - 12:00 AM",0,1,1,2,140,3,5,9,10,19,0,0,99,99
2786,7,2288,869,1419,1,26,"NSW","Urban","12:00 PM - 6:00 PM",1,1,0,1,175,1,2,3,5,8,1,0,99,99
3631,10,3459,1701,1758,1,-99,"SA","Urban","6:00 AM - 12:00 PM",0,1,0,3,122,1,2,8,8,16,0,1,2,0
6966,18,672,0,672,1,59,"SA","Urban","12:00 AM - 6:00 AM",1,0,1,2,136,1,2,9,9,18,0,0,99,99
3349,9,4208,1773,2435,1,50,"VIC","Urban","6:00 AM - 12:00 PM",0,1,0,1,154,3,2,4,2,6,0,0,99,99
5929,15,559,0,559,0,78,"VIC","Urban","6:00 AM - 12:00 PM",0,1,0,1,27,1,3,4,3,7,0,0,99,99
4980,13,1350,0,1350,1,41,"VIC","Urban","12:00 AM - 6:00 AM",0,0,0,2,31,4,4,4,4,8,0,0,99,99
1949,5,3045,1540,1505,0,45,"VIC","Urban","6:00 PM - 12:00 AM",0,1,0,1,42,4,4,7,5,12,0,0,99,99
1197,3,242,0,242,1,23,"ACT","Urban","6:00 AM - 12:00 PM",1,1,1,2,60,1,4,6,5,11,0,0,99,99
120,1,694,0,694,1,22,"VIC","Regional","12:00 AM - 6:00 AM",0,0,0,3,18,1,2,0,2,2,0,0,99,99
2695,7,1877,0,1877,1,-99,"NSW","Remote","6:00 PM - 12:00 AM",0,0,1,1,144,1,5,8,7,15,0,0,99,99
8754,22,1407,0,1407,0,-99,"QLD","Urban","12:00 PM - 6:00 PM",0,0,0,2,166,1,2,1,2,3,0,1,5,0
5510,14,2052,1586,466,1,67,"SA","Urban","6:00 PM - 12:00 AM",0,0,1,1,117,1,4,10,9,19,0,0,99,99
132,1,2096,1730,366,1,30,"VIC","Urban","12:00 AM - 6:00 AM",1,0,0,1,48,1,3,5,3,8,0,0,99,99
6571,17,2576,1936,640,99,41,"VIC","Urban","6:00 AM - 12:00 PM",0,1,1,3,36,1,4,3,1,4,0,0,99,99
7353,19,3285,2261,1024,0,-99,"VIC","Urban","6:00 PM - 12:00 AM",0,1,0,3,92,1,2,9,9,18,0,0,99,99
2130,6,3374,1891,1483,1,69,"QLD","Urban","6:00 AM - 12:00 PM",1,1,0,2,97,1,3,10,9,19,1,0,99,99
9112,23,48,0,48,0,53,"NSW","Regional","6:00 AM - 12:00 PM",1,1,1,2,22,1,2,1,2,3,0,0,99,99
3330,9,982,0,982,1,33,"NSW","Regional","6:00 PM - 12:00 AM",1,0,1,3,87,3,4,10,5,15,0,0,99,99
646,2,183,0,183,0,40,"NSW","Regional","12:00 PM - 6:00 PM",1,1,0,3,156,1,1,8,7,15,0,0,99,99
5090,13,2766,1509,1257,1,50,"NSW","Urban","6:00 PM - 12:00 AM",1,1,1,3,57,1,4,6,5,11,0,0,99,99
8762,22,985,0,985,0,-99,"NT","Urban","6:00 PM - 12:00 AM",0,1,1,3,164,2,3,3,5,8,1,1,2,1
8392,21,924,0,924,1,53,"NSW","Regional","6:00 PM - 12:00 AM",1,1,1,3,102,3,4,10,10,20,1,0,99,99
4350,11,1052,0,1052,1,19,"NSW","Remote","6:00 AM - 12:00 PM",1,0,0,1,142,2,4,6,6,12,0,1,1,1
5743,15,2242,1527,715,1,53,"NSW","Remote","12:00 PM - 6:00 PM",0,1,0,3,151,4,2,4,8,12,1,1,2,0
4206,11,1100,0,1100,0,50,"VIC","Urban","6:00 PM - 12:00 AM",0,1,0,2,65,1,3,6,5,11,0,0,99,99
9956,25,606,0,606,1,42,"NSW","Urban","6:00 PM - 12:00 AM",1,1,1,3,136,1,4,7,10,17,1,0,99,99
2634,7,950,0,950,1,45,"TAS","Urban","6:00 PM - 12:00 AM",1,0,1,3,102,1,3,10,9,19,0,0,99,99
5366,14,2570,1925,645,0,21,"VIC","Urban","6:00 PM - 12:00 AM",0,0,0,3,16,2,2,1,1,2,0,0,99,99
3521,9,1932,1300,632,1,63,"VIC","Urban","6:00 AM - 12:00 PM",1,0,1,1,122,2,3,10,10,20,1,0,99,99
6135,16,2479,1453,1026,1,-99,"QLD","Urban","6:00 PM - 12:00 AM",1,1,1,2,176,4,4,3,0,3,0,0,99,99
8906,23,1301,0,1301,1,51,"NSW","Remote","6:00 AM - 12:00 PM",0,1,0,1,52,2,4,7,10,17,1,0,99,99
6366,16,1715,1715,0,0,41,"NSW","Regional","6:00 AM - 12:00 PM",0,1,1,1,163,3,3,9,10,19,1,0,99,99
5470,14,801,0,801,1,49,"VIC","Urban","6:00 PM - 12:00 AM",0,1,1,1,103,2,1,9,10,19,0,0,99,99
7513,19,2501,1694,807,0,51,"VIC","Urban","6:00 AM - 12:00 PM",0,1,0,3,166,2,3,4,6,10,0,0,99,99
1037,3,542,0,542,1,44,"VIC","Regional","6:00 AM - 12:00 PM",1,1,0,3,90,1,3,9,9,18,1,0,99,99
8004,21,2290,2122,168,99,25,"SA","Urban","6:00 PM - 12:00 AM",1,1,0,3,103,1,4,10,10,20,1,0,99,99
2549,7,1566,1168,398,0,31,"NT","Urban","6:00 PM - 12:00 AM",1,1,0,2,74,1,2,5,3,8,0,0,99,99
6186,16,478,0,478,1,47,"SA","Urban","6:00 PM - 12:00 AM",0,0,0,2,176,2,4,0,2,2,0,0,99,99
1321,4,144,0,144,1,21,"NSW","Urban","6:00 AM - 12:00 PM",1,1,1,3,42,1,2,1,2,3,0,0,99,99
5490,14,3389,1801,1588,0,44,"WA","Urban","6:00 AM - 12:00 PM",0,1,0,3,50,2,3,7,9,16,0,1,1,1
4047,11,812,0,812,0,57,"TAS","Urban","6:00 AM - 12:00 PM",0,1,0,3,24,1,2,0,0,0,0,0,99,99
6725,17,1037,1037,0,0,20,"QLD","Urban","6:00 AM - 12:00 PM",0,1,1,3,40,2,3,9,10,19,1,0,99,99
2515,7,303,0,303,0,18,"VIC","Urban","6:00 AM - 12:00 PM",1,1,1,3,51,1,4,8,6,14,0,0,99,99
9153,23,1493,596,897,1,68,"TAS","Urban","6:00 AM - 12:00 PM",0,1,0,2,81,4,2,8,6,14,0,0,99,99
6195,16,3595,2249,1346,1,38,"TAS","Urban","12:00 AM - 6:00 AM",0,0,1,2,117,2,3,6,5,11,0,1,0,0
3101,8,2849,1713,1136,1,69,"NSW","Regional","6:00 AM - 12:00 PM",0,0,0,2,36,1,2,8,7,15,0,0,99,99
4600,12,1146,0,1146,0,50,"QLD","Urban","6:00 AM - 12:00 PM",0,1,0,1,136,3,4,9,10,19,1,0,99,99
930,3,414,0,414,0,21,"TAS","Urban","6:00 AM - 12:00 PM",1,1,1,1,180,2,3,2,0,2,0,0,99,99
2368,6,2148,1574,574,1,59,"NT","Urban","6:00 PM - 12:00 AM",0,0,0,1,124,1,2,6,1,7,0,0,99,99
370,1,158,0,158,0,27,"VIC","Urban","6:00 PM - 12:00 AM",1,1,1,3,90,1,4,4,7,11,0,0,99,99
516,2,3558,1963,1595,0,51,"VIC","Urban","6:00 PM - 12:00 AM",0,0,0,3,78,2,2,8,7,15,1,0,99,99
7915,20,648,0,648,1,48,"TAS","Urban","6:00 AM - 12:00 PM",0,1,0,2,101,1,1,8,5,13,0,1,5,0
888,3,1373,1137,236,1,21,"WA","Urban","6:00 AM - 12:00 PM",1,1,0,3,48,1,3,3,1,4,0,0,99,99
8023,21,1418,0,1418,1,70,"TAS","Urban","6:00 PM - 12:00 AM",1,1,0,3,43,2,4,8,9,17,0,0,99,99
4340,11,2535,1684,851,0,48,"VIC","Urban","12:00 AM - 6:00 AM",1,1,0,3,99,1,2,7,6,13,0,0,99,99
3057,8,2299,1620,679,0,43,"TAS","Urban","6:00 AM - 12:00 PM",0,1,0,2,19,4,5,4,2,6,0,0,99,99
8987,23,1752,1321,431,1,62,"VIC","Urban","6:00 AM - 12:00 PM",0,1,1,3,139,2,2,3,4,7,1,0,99,99
2741,7,592,0,592,1,40,"NSW","Regional","6:00 PM - 12:00 AM",1,0,0,1,145,4,2,7,8,15,1,0,99,99
5109,13,409,0,409,1,63,"NSW","Remote","6:00 AM - 12:00 PM",0,1,1,3,137,2,3,5,5,10,0,0,99,99
2091,6,646,0,646,1,22,"NSW","Regional","6:00 PM - 12:00 AM",1,1,0,3,147,1,1,7,7,14,0,0,99,99
9935,25,3101,2101,1000,1,74,"WA","Urban","6:00 PM - 12:00 AM",0,1,1,3,91,3,2,6,8,14,1,1,4,0
2847,8,2134,1552,582,1,22,"VIC","Urban","6:00 AM - 12:00 PM",1,0,0,2,142,2,2,3,6,9,0,0,99,99
5865,15,2715,2013,702,99,74,"QLD","Urban","12:00 AM - 6:00 AM",0,1,0,3,20,1,2,0,0,0,0,0,99,99
7819,20,1217,0,1217,1,73,"WA","Urban","6:00 AM - 12:00 PM",0,1,1,2,92,2,3,9,8,17,1,0,99,99
6172,16,3234,2117,1117,0,73,"VIC","Urban","6:00 AM - 12:00 PM",0,0,0,3,36,2,5,7,9,16,0,1,1,0
3512,9,3099,1821,1278,0,72,"NT","Urban","6:00 PM - 12:00 AM",1,1,0,2,36,1,3,3,2,5,1,0,99,99
2063,6,470,0,470,0,74,"VIC","Urban","6:00 AM - 12:00 PM",1,0,0,2,106,1,2,8,9,17,0,0,99,99
2769,7,484,0,484,0,67,"WA","Urban","6:00 PM - 12:00 AM",1,1,0,3,143,2,2,9,6,15,0,0,99,99
4869,13,687,0,687,0,28,"NT","Urban","6:00 AM - 12:00 PM",0,1,0,3,118,1,2,6,7,13,0,0,99,99
8292,21,76,0,76,0,50,"NSW","Regional","6:00 PM - 12:00 AM",0,0,1,3,65,1,3,5,6,11,0,0,99,99
7220,19,1960,1770,190,0,53,"VIC","Urban","6:00 PM - 12:00 AM",0,1,0,3,90,1,2,10,9,19,1,1,1,0
4712,12,1903,1903,0,0,28,"NSW","Regional","6:00 PM - 12:00 AM",1,0,1,2,29,1,3,3,2,5,0,0,99,99
4409,12,840,0,840,1,77,"SA","Urban","12:00 AM - 6:00 AM",1,1,0,3,148,1,4,5,7,12,1,0,99,99
2899,8,846,0,846,1,53,"NT","Urban","6:00 PM - 12:00 AM",0,1,0,3,84,2,4,10,10,20,1,0,99,99
887,3,2209,1785,424,0,36,"VIC","Urban","6:00 AM - 12:00 PM",0,0,0,1,66,2,4,7,7,14,1,1,3,1
1881,5,2967,1773,1194,0,50,"SA","Regional","6:00 PM - 12:00 AM",0,0,0,3,138,2,2,10,10,20,1,0,99,99
5769,15,2544,2021,523,0,73,"WA","Urban","12:00 AM - 6:00 AM",0,1,0,1,43,1,3,5,4,9,1,1,4,0
6329,16,3629,1851,1778,99,63,"NSW","Urban","6:00 PM - 12:00 AM",1,1,1,2,57,2,2,9,10,19,0,0,99,99
4068,11,2707,1700,1007,1,52,"NSW","Remote","6:00 PM - 12:00 AM",0,0,0,1,129,2,4,6,10,16,0,0,99,99
9887,25,1364,0,1364,0,52,"SA","Urban","6:00 PM - 12:00 AM",0,1,1,3,165,4,3,4,4,8,0,0,99,99
9883,25,1141,1141,0,1,50,"NSW","Urban","12:00 PM - 6:00 PM",0,1,1,1,160,2,2,7,4,11,0,0,99,99
2617,7,1089,0,1089,1,40,"SA","Urban","6:00 PM - 12:00 AM",1,1,0,3,170,1,4,3,3,6,0,0,99,99
9390,24,1545,0,1545,1,25,"NSW","Regional","6:00 AM - 12:00 PM",0,1,1,3,169,1,4,4,4,8,0,1,4,0
3969,10,988,0,988,1,34,"TAS","Urban","6:00 PM - 12:00 AM",1,1,1,2,47,1,3,10,9,19,0,1,3,1
4643,12,1670,0,1670,99,57,"NSW","Urban","6:00 PM - 12:00 AM",0,0,0,1,61,2,3,6,3,9,1,1,5,0
462,2,699,0,699,0,30,"ACT","Urban","6:00 PM - 12:00 AM",1,1,0,3,24,1,3,3,3,6,0,0,99,99
3906,10,3546,2110,1436,0,28,"NSW","Regional","6:00 PM - 12:00 AM",0,1,1,2,144,2,4,6,9,15,0,0,99,99
6338,16,1317,0,1317,1,66,"NT","Urban","12:00 AM - 6:00 AM",1,0,1,3,34,2,2,2,1,3,0,0,99,99
1379,4,1388,1186,202,1,30,"ACT","Urban","6:00 AM - 12:00 PM",0,1,0,2,90,1,3,10,10,20,1,0,99,99
5402,14,2394,1533,861,0,71,"VIC","Urban","6:00 PM - 12:00 AM",1,1,0,3,130,2,2,5,4,9,0,0,99,99
6679,17,1044,0,1044,0,47,"VIC","Urban","12:00 AM - 6:00 AM",0,1,0,3,52,2,3,4,5,9,0,0,99,99
4515,12,1937,1937,0,1,31,"WA","Urban","6:00 PM - 12:00 AM",0,0,1,3,77,1,3,10,10,20,1,0,99,99
8252,21,3513,1700,1813,1,47,"NSW","Regional","6:00 AM - 12:00 PM",1,1,0,1,142,1,3,8,5,13,0,0,99,99
3503,9,1406,0,1406,1,37,"QLD","Urban","6:00 AM - 12:00 PM",0,0,1,3,23,4,2,3,3,6,0,0,99,99
4135,11,3760,1968,1792,0,54,"NSW","Regional","6:00 PM - 12:00 AM",0,1,1,3,119,2,4,8,7,15,0,0,99,99
7385,19,859,0,859,0,54,"SA","Urban","6:00 AM - 12:00 PM",0,0,0,3,154,1,1,9,10,19,0,0,99,99
1040,3,1466,1099,367,1,40,"VIC","Urban","6:00 AM - 12:00 PM",1,1,1,3,12,2,5,2,6,8,0,0,99,99
8030,21,451,0,451,1,-99,"VIC","Urban","6:00 AM - 12:00 PM",1,1,0,1,20,1,4,0,0,0,1,0,99,99
1947,5,177,0,177,1,21,"NSW","Urban","6:00 PM - 12:00 AM",1,1,1,3,180,1,4,0,2,2,0,0,99,99
6926,18,914,0,914,1,31,"NSW","Regional","6:00 AM - 12:00 PM",1,0,0,2,81,3,2,7,7,14,0,1,1,1
3427,9,2187,1530,657,0,55,"NSW","Remote","6:00 PM - 12:00 AM",1,1,1,1,140,1,2,10,10,20,0,0,99,99
1218,4,375,0,375,1,29,"NSW","Regional","6:00 AM - 12:00 PM",1,1,0,3,156,2,2,10,7,17,1,0,99,99
2000,5,1884,0,1884,0,56,"TAS","Regional","6:00 PM - 12:00 AM",0,0,0,3,30,2,4,5,5,10,0,0,99,99
8643,22,736,0,736,0,52,"VIC","Urban","6:00 PM - 12:00 AM",1,0,0,2,105,2,3,5,7,12,0,0,99,99
6934,18,1269,0,1269,1,31,"NSW","Remote","6:00 AM - 12:00 PM",1,1,0,3,168,4,3,1,0,1,0,0,99,99
2621,7,2992,1974,1018,0,67,"NSW","Regional","6:00 PM - 12:00 AM",0,1,0,1,154,1,3,3,0,3,0,0,99,99
8791,22,1539,0,1539,0,49,"VIC","Urban","6:00 PM - 12:00 AM",1,1,1,2,25,1,4,2,2,4,0,1,1,1
2635,7,154,0,154,0,30,"VIC","Urban","12:00 AM - 6:00 AM",0,0,0,3,107,1,3,10,10,20,1,0,99,99
5685,15,3626,1738,1888,0,72,"QLD","Urban","6:00 PM - 12:00 AM",1,1,0,3,107,1,2,5,4,9,1,0,99,99
4816,13,683,0,683,1,35,"SA","Urban","12:00 AM - 6:00 AM",0,0,1,1,56,1,2,7,8,15,1,0,99,99
4439,12,1363,0,1363,0,22,"TAS","Urban","6:00 PM - 12:00 AM",1,1,0,2,75,1,3,8,6,14,0,0,99,99
6741,17,3094,2184,910,0,62,"NSW","Remote","6:00 AM - 12:00 PM",0,1,0,3,71,1,2,9,6,15,0,0,99,99
5057,13,14,0,14,0,38,"QLD","Urban","6:00 PM - 12:00 AM",1,1,1,3,20,1,3,3,1,4,0,0,99,99
9682,25,1315,0,1315,0,77,"VIC","Urban","6:00 PM - 12:00 AM",1,1,1,3,173,2,1,1,1,2,1,0,99,99
3206,9,2131,1765,366,1,57,"SA","Urban","6:00 PM - 12:00 AM",1,1,0,3,90,2,3,7,7,14,0,0,99,99
3882,10,1191,0,1191,1,25,"VIC","Urban","6:00 PM - 12:00 AM",1,1,0,3,135,1,4,10,10,20,0,1,5,1
5407,14,478,0,478,0,50,"QLD","Urban","6:00 AM - 12:00 PM",0,1,0,3,128,2,3,10,10,20,0,0,99,99
4769,12,934,0,934,0,43,"VIC","Urban","6:00 PM - 12:00 AM",0,1,0,1,48,2,4,5,3,8,0,0,99,99
7457,19,2410,1649,761,0,21,"NSW","Regional","6:00 AM - 12:00 PM",1,1,0,2,145,4,3,9,10,19,0,0,99,99
5867,15,2161,1659,502,1,73,"QLD","Urban","6:00 AM - 12:00 PM",0,0,1,2,102,1,4,10,10,20,1,0,99,99
7718,20,1931,1876,55,1,38,"WA","Urban","12:00 AM - 6:00 AM",1,1,1,2,112,1,3,7,10,17,1,0,99,99
3285,9,586,0,586,0,75,"WA","Urban","6:00 PM - 12:00 AM",0,1,1,3,38,1,3,4,4,8,0,0,99,99
8201,21,1364,0,1364,1,65,"NSW","Regional","6:00 PM - 12:00 AM",1,1,0,3,15,1,3,3,5,8,1,0,99,99
277,1,508,0,508,0,21,"NSW","Urban","12:00 AM - 6:00 AM",1,1,1,3,48,2,3,8,7,15,0,1,4,1
6463,17,807,0,807,1,52,"SA","Urban","6:00 PM - 12:00 AM",1,0,0,3,53,1,4,10,10,20,0,0,99,99
350,1,722,0,722,1,25,"VIC","Urban","6:00 PM - 12:00 AM",1,1,1,1,120,1,3,10,9,19,1,0,99,99
3947,10,2062,958,1104,0,35,"NSW","Urban","6:00 AM - 12:00 PM",0,1,1,2,110,4,3,9,9,18,0,0,99,99
192,1,1334,0,1334,0,35,"WA","Urban","12:00 AM - 6:00 AM",1,1,1,3,96,2,3,7,10,17,0,0,99,99
6852,18,1380,0,1380,0,47,"TAS","Urban","12:00 PM - 6:00 PM",0,1,0,3,16,1,1,0,0,0,1,0,99,99
1892,5,1587,1286,301,0,29,"VIC","Urban","6:00 PM - 12:00 AM",1,0,0,3,48,1,4,8,4,12,1,0,99,99
2655,7,996,0,996,0,30,"WA","Urban","6:00 AM - 12:00 PM",0,0,0,1,25,1,3,2,2,4,0,0,99,99
4442,12,3107,1313,1794,0,57,"VIC","Urban","6:00 PM - 12:00 AM",0,1,0,2,153,2,3,4,4,8,0,0,99,99
7721,20,1335,0,1335,0,71,"NT","Urban","6:00 PM - 12:00 AM",1,0,0,3,79,1,4,7,3,10,0,0,99,99
5583,14,1741,0,1741,0,38,"TAS","Urban","12:00 AM - 6:00 AM",0,1,0,2,156,1,3,4,4,8,0,0,99,99
7577,19,1869,0,1869,1,32,"SA","Urban","6:00 AM - 12:00 PM",0,0,1,2,60,2,3,9,6,15,0,0,99,99
9079,23,3516,1765,1751,0,37,"NT","Urban","6:00 AM - 12:00 PM",0,1,0,3,148,2,2,10,8,18,1,1,5,0
67,1,351,0,351,1,22,"NSW","Urban","12:00 AM - 6:00 AM",0,1,1,3,162,1,3,6,4,10,0,0,99,99
8349,21,951,0,951,1,62,"NSW","Remote","6:00 PM - 12:00 AM",0,1,1,1,166,4,4,4,3,7,0,0,99,99
5280,14,2312,1462,850,0,53,"TAS","Urban","6:00 AM - 12:00 PM",0,1,0,3,128,1,2,10,10,20,1,0,99,99
2625,7,2207,870,1337,0,42,"NSW","Regional","6:00 PM - 12:00 AM",0,0,0,2,38,1,3,6,6,12,1,0,99,99
159,1,3191,1643,1548,1,44,"NSW","Urban","12:00 AM - 6:00 AM",0,0,1,1,102,3,2,10,9,19,1,0,99,99
4189,11,1233,0,1233,0,23,"SA","Urban","6:00 PM - 12:00 AM",0,1,0,1,15,1,1,0,0,0,0,0,99,99
9937,25,1870,0,1870,1,62,"VIC","Urban","6:00 PM - 12:00 AM",1,0,1,3,78,4,3,9,7,16,0,0,99,99
9008,23,4114,2687,1427,0,20,"VIC","Urban","6:00 PM - 12:00 AM",0,1,1,3,18,1,2,0,0,0,0,1,1,1
7931,20,3169,1883,1286,0,52,"NSW","Regional","6:00 AM - 12:00 PM",0,1,0,3,78,1,2,8,10,18,1,0,99,99
6677,17,1428,0,1428,0,37,"NSW","Urban","12:00 PM - 6:00 PM",0,0,1,2,85,1,4,10,8,18,0,0,99,99
9544,24,2251,1759,492,1,60,"WA","Urban","6:00 AM - 12:00 PM",1,1,0,3,137,1,4,5,6,11,0,0,99,99
5309,14,4138,1950,2188,0,39,"VIC","Urban","6:00 PM - 12:00 AM",1,0,0,3,77,2,3,6,6,12,0,0,99,99
8182,21,1113,0,1113,1,20,"VIC","Urban","6:00 PM - 12:00 AM",1,0,1,3,73,1,3,5,8,13,0,0,99,99
700,2,205,0,205,0,34,"ACT","Urban","6:00 PM - 12:00 AM",0,0,0,3,156,1,2,10,8,18,0,0,99,99
7332,19,1401,0,1401,0,73,"QLD","Urban","6:00 PM - 12:00 AM",0,0,0,1,45,1,3,5,7,12,0,0,99,99
2558,7,447,0,447,1,35,"VIC","Urban","6:00 PM - 12:00 AM",1,0,0,2,95,1,3,6,9,15,1,0,99,99
9361,24,3426,1491,1935,1,26,"QLD","Urban","6:00 PM - 12:00 AM",0,1,1,3,39,1,2,4,3,7,1,0,99,99
2703,7,2441,1569,872,1,72,"VIC","Urban","6:00 PM - 12:00 AM",1,1,0,3,125,1,4,10,10,20,0,0,99,99
5889,15,637,0,637,0,54,"NSW","Regional","12:00 PM - 6:00 PM",0,1,1,3,92,2,3,7,7,14,0,1,4,0
7844,20,1679,0,1679,1,37,"NSW","Regional","6:00 AM - 12:00 PM",1,1,0,3,85,2,3,10,10,20,1,0,99,99
7536,19,2141,1312,829,1,71,"NT","Urban","6:00 PM - 12:00 AM",0,1,0,3,153,2,3,8,6,14,1,0,99,99
3529,9,854,0,854,0,-99,"QLD","Urban","12:00 PM - 6:00 PM",1,1,0,3,79,1,3,5,5,10,1,0,99,99
9425,24,3125,1806,1319,1,55,"VIC","Urban","6:00 AM - 12:00 PM",1,0,0,2,73,1,3,7,9,16,0,0,99,99
5549,14,515,0,515,99,32,"NSW","Regional","6:00 PM - 12:00 AM",1,0,1,3,15,1,4,0,2,2,1,0,99,99
5159,13,2007,2007,0,1,33,"VIC","Urban","12:00 PM - 6:00 PM",0,0,0,3,137,4,2,6,6,12,0,0,99,99
105,1,1502,1160,342,1,27,"WA","Urban","12:00 AM - 6:00 AM",0,1,0,2,36,1,3,9,5,14,1,0,99,99
7237,19,2707,1962,745,1,56,"NSW","Regional","6:00 AM - 12:00 PM",0,0,0,3,16,2,4,0,0,0,1,0,99,99
6247,16,806,0,806,1,25,"NT","Urban","6:00 PM - 12:00 AM",1,1,0,1,173,2,3,3,5,8,1,0,99,99
3811,10,365,0,365,1,31,"VIC","Urban","6:00 AM - 12:00 PM",0,0,0,1,125,1,3,8,10,18,1,1,4,0
1859,5,4495,2611,1884,0,48,"SA","Urban","6:00 PM - 12:00 AM",0,0,1,2,120,1,3,9,8,17,1,1,5,0
4209,11,2350,1569,781,0,-99,"NT","Urban","6:00 AM - 12:00 PM",0,1,1,3,118,2,2,5,4,9,0,0,99,99
9730,25,3496,2353,1143,0,38,"VIC","Urban","12:00 AM - 6:00 AM",0,0,0,2,75,3,2,9,9,18,1,0,99,99
206,1,4426,2547,1879,1,43,"QLD","Urban","12:00 AM - 6:00 AM",0,0,1,3,78,4,4,9,9,18,1,0,99,99
3691,10,1679,1679,0,99,66,"NSW","Urban","6:00 AM - 12:00 PM",1,1,1,3,66,4,3,6,6,12,1,0,99,99
6462,17,802,0,802,1,67,"NSW","Urban","6:00 AM - 12:00 PM",1,1,0,3,69,2,4,5,7,12,0,0,99,99
7798,20,2830,1888,942,1,29,"NSW","Remote","6:00 PM - 12:00 AM",1,1,0,1,160,2,3,3,2,5,0,1,5,0
7223,19,2425,2352,73,1,75,"TAS","Urban","6:00 AM - 12:00 PM",1,1,0,1,78,1,4,8,4,12,0,0,99,99
6904,18,1068,0,1068,0,57,"NSW","Regional","6:00 PM - 12:00 AM",0,1,0,3,141,2,3,6,7,13,0,0,99,99
3083,8,3137,2637,500,1,63,"TAS","Urban","6:00 PM - 12:00 AM",0,0,1,2,90,1,2,10,10,20,0,0,99,99
9083,23,880,880,0,1,28,"NSW","Urban","6:00 PM - 12:00 AM",0,1,0,3,98,2,1,9,8,17,0,0,99,99
3400,9,1865,1415,450,99,38,"NSW","Urban","6:00 PM - 12:00 AM",1,1,1,3,111,1,4,7,4,11,0,0,99,99
7835,20,118,0,118,1,63,"NSW","Remote","6:00 PM - 12:00 AM",0,1,1,3,125,2,3,6,8,14,1,0,99,99
6046,16,241,0,241,1,56,"VIC","Urban","12:00 AM - 6:00 AM",0,0,0,3,104,2,4,10,7,17,0,0,99,99
7387,19,3474,2787,687,1,49,"NSW","Remote","6:00 AM - 12:00 PM",0,1,0,3,51,1,3,6,8,14,0,0,99,99
3501,9,579,0,579,1,55,"NSW","Remote","6:00 AM - 12:00 PM",0,1,0,3,23,1,2,1,0,1,0,0,99,99
5400,14,3204,1956,1248,1,48,"WA","Urban","6:00 AM - 12:00 PM",0,1,0,3,60,1,3,2,0,2,0,0,99,99
5905,15,1228,0,1228,0,72,"VIC","Urban","6:00 PM - 12:00 AM",1,1,0,3,136,4,2,10,7,17,0,0,99,99
2520,7,2875,1621,1254,0,54,"NSW","Regional","6:00 AM - 12:00 PM",0,1,0,3,70,1,2,6,9,15,0,1,3,1
3993,10,2742,1926,816,0,49,"NSW","Regional","6:00 AM - 12:00 PM",0,1,1,1,164,1,4,9,9,18,0,1,0,0
3142,8,2903,1974,929,0,62,"VIC","Urban","6:00 AM - 12:00 PM",0,1,0,3,111,1,4,6,3,9,0,0,99,99
6963,18,2407,1053,1354,1,73,"TAS","Urban","6:00 PM - 12:00 AM",1,1,0,1,52,3,3,8,10,18,1,0,99,99
8760,22,4073,1786,2287,1,78,"VIC","Urban","6:00 AM - 12:00 PM",0,1,1,2,165,2,2,4,5,9,1,0,99,99
1634,5,196,0,196,1,54,"VIC","Urban","6:00 PM - 12:00 AM",1,1,0,3,132,1,4,8,10,18,1,0,99,99
625,2,3729,2113,1616,0,47,"NSW","Urban","6:00 PM - 12:00 AM",1,0,1,3,132,2,3,9,9,18,1,0,99,99
6373,16,1804,1804,0,0,72,"NSW","Remote","6:00 PM - 12:00 AM",0,1,0,2,123,2,2,7,10,17,0,1,2,0
8025,21,1899,1899,0,1,-99,"QLD","Urban","6:00 AM - 12:00 PM",1,1,1,3,177,4,2,0,0,0,0,0,99,99
8855,23,899,0,899,0,31,"QLD","Urban","6:00 PM - 12:00 AM",1,1,1,3,165,2,4,7,10,17,0,1,1,1
2455,7,2716,1507,1209,1,65,"NSW","Urban","6:00 AM - 12:00 PM",1,1,0,3,36,2,3,5,2,7,1,0,99,99
6111,16,3685,2577,1108,99,46,"VIC","Urban","6:00 PM - 12:00 AM",1,1,0,3,178,2,3,2,0,2,0,0,99,99
7722,20,3310,1930,1380,1,55,"NSW","Urban","12:00 PM - 6:00 PM",1,0,0,3,70,4,2,6,7,13,1,0,99,99
9665,25,2305,1631,674,1,31,"NSW","Regional","6:00 PM - 12:00 AM",0,0,0,3,21,4,3,3,1,4,1,0,99,99
7841,20,3484,1883,1601,1,41,"TAS","Urban","12:00 AM - 6:00 AM",1,0,0,3,180,1,1,0,0,0,0,0,99,99
537,2,3805,2202,1603,1,58,"NSW","Urban","6:00 PM - 12:00 AM",1,0,0,3,150,2,3,10,8,18,1,0,99,99
1960,5,472,0,472,0,24,"NSW","Urban","6:00 PM - 12:00 AM",1,1,1,3,144,1,1,3,7,10,0,0,99,99
3208,9,2582,1972,610,0,59,"NSW","Regional","6:00 PM - 12:00 AM",0,1,0,3,151,3,3,8,5,13,1,0,99,99
3007,8,1771,0,1771,1,26,"VIC","Urban","12:00 AM - 6:00 AM",1,1,0,3,152,1,3,10,9,19,0,0,99,99
8916,23,2377,2377,0,1,74,"NSW","Urban","12:00 AM - 6:00 AM",0,1,0,3,142,2,2,9,9,18,1,0,99,99
486,2,1639,1296,343,1,45,"NSW","Urban","6:00 PM - 12:00 AM",1,1,0,3,84,1,3,5,8,13,1,0,99,99
4756,12,1088,0,1088,0,59,"NSW","Remote","6:00 AM - 12:00 PM",1,1,0,3,98,3,2,10,9,19,1,0,99,99
1698,5,3101,1842,1259,0,60,"SA","Urban","6:00 PM - 12:00 AM",0,0,1,3,36,3,2,10,7,17,0,0,99,99
4226,11,1315,0,1315,0,46,"NSW","Regional","6:00 PM - 12:00 AM",0,0,1,3,133,1,4,8,8,16,0,0,99,99
5451,14,2107,1899,208,0,40,"NSW","Regional","12:00 AM - 6:00 AM",1,0,0,3,94,2,3,10,8,18,0,0,99,99
2770,7,2803,1582,1221,0,43,"VIC","Urban","6:00 PM - 12:00 AM",1,0,1,3,123,1,4,10,7,17,0,0,99,99
9259,24,1991,0,1991,0,26,"NSW","Regional","6:00 AM - 12:00 PM",1,1,0,3,172,1,3,4,7,11,0,1,0,0
1331,4,984,0,984,0,37,"VIC","Urban","6:00 AM - 12:00 PM",0,1,0,3,150,1,2,10,8,18,0,1,4,0
621,2,343,0,343,1,26,"NSW","Regional","6:00 PM - 12:00 AM",0,1,0,1,78,1,5,10,10,20,1,0,99,99
577,2,3815,2120,1695,0,53,"NSW","Urban","6:00 PM - 12:00 AM",1,0,0,3,132,3,3,2,3,5,0,0,99,99
2415,7,1596,1196,400,0,29,"WA","Urban","6:00 PM - 12:00 AM",0,1,0,3,24,4,4,1,3,4,1,0,99,99
9143,23,2989,1616,1373,0,25,"VIC","Urban","6:00 PM - 12:00 AM",0,1,1,3,145,2,4,7,6,13,0,0,99,99
8481,22,825,0,825,0,48,"QLD","Urban","6:00 PM - 12:00 AM",0,1,0,3,128,1,3,10,10,20,1,0,99,99
2874,8,2396,1731,665,1,18,"SA","Urban","6:00 PM - 12:00 AM",1,0,0,2,44,1,3,7,5,12,0,0,99,99
4720,12,2386,1439,947,1,-99,"NSW","Regional","6:00 PM - 12:00 AM",1,1,0,3,59,1,4,6,10,16,0,0,99,99
1486,4,4426,2185,2241,1,43,"SA","Urban","6:00 AM - 12:00 PM",0,0,0,3,30,4,2,6,1,7,0,0,99,99
8463,22,2314,1787,527,1,43,"SA","Urban","6:00 AM - 12:00 PM",0,0,0,2,12,1,4,0,1,1,1,0,99,99
498,2,4850,2447,2403,0,48,"VIC","Urban","6:00 PM - 12:00 AM",1,0,0,3,126,3,3,2,6,8,0,0,99,99
259,1,3483,2021,1462,1,42,"NSW","Urban","12:00 AM - 6:00 AM",0,1,0,2,84,2,3,4,3,7,0,0,99,99
2686,7,3233,1710,1523,1,37,"VIC","Urban","12:00 AM - 6:00 AM",1,0,0,3,13,3,4,0,0,0,0,0,99,99
7630,20,1432,0,1432,0,37,"VIC","Urban","6:00 PM - 12:00 AM",1,0,1,2,99,1,4,10,10,20,0,0,99,99
1207,4,837,0,837,0,31,"NT","Urban","6:00 AM - 12:00 PM",0,1,0,3,60,1,3,3,7,10,0,1,4,0
1054,3,319,0,319,1,21,"VIC","Regional","6:00 AM - 12:00 PM",1,1,1,1,66,1,2,7,4,11,0,0,99,99
8306,21,2614,2353,261,1,68,"NSW","Regional","6:00 AM - 12:00 PM",1,0,1,3,12,1,3,0,2,2,1,0,99,99
6187,16,1089,0,1089,1,61,"VIC","Urban","6:00 AM - 12:00 PM",0,1,0,1,76,1,2,5,5,10,0,1,1,0
3432,9,1231,0,1231,1,-99,"NSW","Regional","12:00 AM - 6:00 AM",1,1,0,2,162,2,3,3,2,5,0,0,99,99
6246,16,702,0,702,0,46,"WA","Urban","6:00 AM - 12:00 PM",0,1,1,3,85,2,3,7,5,12,1,0,99,99
821,3,3781,1906,1875,1,41,"VIC","Regional","6:00 PM - 12:00 AM",0,0,0,3,72,2,2,7,6,13,0,0,99,99
4537,12,296,0,296,99,66,"NT","Urban","6:00 PM - 12:00 AM",1,1,1,3,16,2,2,3,4,7,1,0,99,99
2488,7,556,0,556,1,-99,"VIC","Urban","12:00 AM - 6:00 AM",1,1,1,3,168,1,4,1,1,2,0,0,99,99
8056,21,3204,2058,1146,0,24,"QLD","Urban","6:00 AM - 12:00 PM",1,1,0,1,32,3,2,4,2,6,0,0,99,99
4659,12,391,0,391,1,73,"VIC","Urban","6:00 PM - 12:00 AM",1,1,0,3,132,1,5,8,6,14,0,0,99,99
3283,9,4155,1678,2477,1,18,"NSW","Regional","6:00 PM - 12:00 AM",0,0,1,3,110,1,4,10,9,19,0,0,99,99
3951,10,3281,1778,1503,0,77,"TAS","Urban","6:00 AM - 12:00 PM",1,1,1,1,53,1,5,7,10,17,0,0,99,99
8431,22,1632,1306,326,0,-99,"WA","Urban","6:00 PM - 12:00 AM",1,1,1,2,98,1,4,10,10,20,1,0,99,99
2003,6,1426,0,1426,1,29,"SA","Urban","6:00 AM - 12:00 PM",0,0,0,3,14,2,4,1,0,1,1,1,4,0
240,1,3127,1987,1140,0,42,"NSW","Urban","12:00 AM - 6:00 AM",0,0,0,3,90,4,3,8,7,15,1,0,99,99
9060,23,3031,2146,885,1,27,"QLD","Urban","6:00 PM - 12:00 AM",1,0,0,3,90,1,3,5,4,9,0,0,99,99
9992,25,340,0,340,0,49,"TAS","Urban","6:00 AM - 12:00 PM",0,1,1,1,179,4,3,4,2,6,0,0,99,99
5358,14,1034,0,1034,1,-99,"VIC","Urban","6:00 PM - 12:00 AM",1,1,0,3,87,2,4,10,10,20,1,0,99,99
9048,23,744,0,744,1,67,"QLD","Urban","12:00 AM - 6:00 AM",0,1,0,3,122,2,4,8,9,17,0,0,99,99
726,2,2813,1635,1178,0,48,"VIC","Regional","6:00 PM - 12:00 AM",1,1,0,3,144,4,4,5,5,10,0,0,99,99
6872,18,3810,1951,1859,0,29,"NT","Urban","12:00 AM - 6:00 AM",1,0,1,2,113,3,4,5,5,10,0,0,99,99
8641,22,3204,2005,1199,0,35,"QLD","Urban","6:00 PM - 12:00 AM",0,0,0,3,65,2,3,10,6,16,0,0,99,99
8345,21,1114,0,1114,1,68,"WA","Urban","12:00 AM - 6:00 AM",0,1,0,1,101,3,3,8,10,18,0,0,99,99
1901,5,3094,1664,1430,0,47,"ACT","Urban","6:00 PM - 12:00 AM",1,0,1,1,168,4,4,8,7,15,0,0,99,99
4645,12,3112,1621,1491,0,43,"QLD","Urban","6:00 PM - 12:00 AM",1,1,1,3,51,1,2,7,6,13,0,0,99,99
380,1,1380,1216,164,0,30,"SA","Urban","12:00 PM - 6:00 PM",1,1,1,3,84,1,4,7,3,10,0,0,99,99
4059,11,1495,0,1495,0,57,"NT","Urban","6:00 PM - 12:00 AM",0,1,1,3,88,4,5,10,9,19,0,0,99,99
531,2,3924,1807,2117,1,60,"VIC","Urban","6:00 PM - 12:00 AM",0,0,1,2,162,3,3,3,2,5,0,0,99,99
7824,20,1755,0,1755,1,75,"NSW","Regional","6:00 PM - 12:00 AM",0,1,0,1,97,4,3,8,6,14,0,0,99,99
7216,19,1143,0,1143,1,-99,"NSW","Urban","6:00 AM - 12:00 PM",0,0,1,3,31,2,5,9,7,16,0,0,99,99
4383,11,849,0,849,1,39,"VIC","Urban","6:00 PM - 12:00 AM",0,1,1,1,59,4,3,7,9,16,1,0,99,99
701,2,1077,0,1077,0,31,"NSW","Urban","6:00 PM - 12:00 AM",0,1,1,3,72,2,2,10,9,19,1,1,5,0
9041,23,1773,1485,288,0,49,"TAS","Urban","6:00 PM - 12:00 AM",1,1,0,3,94,2,5,10,10,20,0,0,99,99
3224,9,3226,1701,1525,1,27,"SA","Urban","6:00 PM - 12:00 AM",0,1,0,1,28,2,3,0,2,2,0,0,99,99
596,2,4506,2380,2126,0,46,"SA","Remote","6:00 PM - 12:00 AM",1,0,0,3,60,1,4,2,4,6,0,0,99,99
3378,9,2221,1783,438,99,69,"VIC","Urban","12:00 PM - 6:00 PM",0,1,1,3,77,1,5,7,4,11,1,0,99,99
2884,8,1348,1348,0,0,50,"NT","Urban","12:00 AM - 6:00 AM",1,1,1,1,107,2,3,10,10,20,0,0,99,99
4702,12,2146,1746,400,99,51,"TAS","Urban","6:00 AM - 12:00 PM",1,0,0,3,41,4,5,7,8,15,1,0,99,99
7821,20,617,0,617,1,29,"VIC","Urban","6:00 PM - 12:00 AM",0,1,0,3,28,2,4,1,0,1,0,0,99,99
5459,14,1385,0,1385,1,55,"NT","Urban","12:00 PM - 6:00 PM",1,0,1,3,159,1,3,3,7,10,0,0,99,99
7834,20,2601,0,2601,0,44,"QLD","Urban","6:00 AM - 12:00 PM",1,1,0,3,179,1,4,0,2,2,0,0,99,99
989,3,1565,1284,281,0,35,"VIC","Urban","6:00 AM - 12:00 PM",1,1,1,3,144,1,3,7,7,14,0,0,99,99
1534,4,314,0,314,0,22,"NSW","Urban","6:00 AM - 12:00 PM",1,1,1,3,60,2,3,9,8,17,0,0,99,99
6346,16,3719,1564,2155,99,43,"WA","Urban","6:00 PM - 12:00 AM",0,0,1,3,77,1,3,5,3,8,0,0,99,99
7767,20,1936,1305,631,1,75,"NSW","Regional","6:00 PM - 12:00 AM",1,1,0,1,171,1,3,4,0,4,0,1,0,1
6056,16,115,0,115,0,77,"NSW","Regional","6:00 PM - 12:00 AM",0,1,0,3,108,4,5,7,9,16,0,0,99,99
4648,12,2277,0,2277,1,43,"VIC","Urban","6:00 PM - 12:00 AM",1,1,0,2,150,1,4,9,8,17,0,1,2,0
5759,15,2569,2569,0,0,37,"NSW","Urban","6:00 AM - 12:00 PM",0,1,1,3,86,2,4,8,6,14,1,1,1,1
421,2,282,0,282,0,20,"NSW","Remote","6:00 PM - 12:00 AM",1,1,1,3,168,1,4,2,3,5,0,0,99,99
4634,12,3590,1875,1715,1,77,"NSW","Remote","6:00 PM - 12:00 AM",1,1,0,3,104,1,2,8,5,13,0,0,99,99
2659,7,1809,1534,275,0,78,"NSW","Remote","12:00 PM - 6:00 PM",0,0,0,3,172,1,4,4,2,6,0,0,99,99
418,2,852,0,852,1,44,"VIC","Regional","6:00 PM - 12:00 AM",0,1,1,3,132,1,2,7,4,11,1,0,99,99
9957,25,2310,1996,314,1,59,"SA","Urban","12:00 AM - 6:00 AM",0,1,0,2,103,3,4,9,10,19,0,0,99,99
9072,23,3781,2341,1440,1,39,"NT","Urban","6:00 AM - 12:00 PM",0,0,0,2,46,2,4,9,8,17,0,0,99,99
9219,24,209,0,209,0,18,"NSW","Urban","6:00 PM - 12:00 AM",0,1,0,3,32,2,3,3,0,3,1,0,99,99
7027,18,2254,1682,572,1,69,"WA","Urban","6:00 AM - 12:00 PM",1,1,0,1,112,1,3,7,8,15,0,0,99,99
7232,19,431,0,431,1,63,"NT","Urban","6:00 PM - 12:00 AM",0,1,0,1,24,2,4,0,1,1,0,0,99,99
7561,19,1757,0,1757,0,48,"NSW","Regional","6:00 PM - 12:00 AM",1,0,1,3,132,1,3,6,7,13,0,0,99,99
4557,12,981,981,0,0,63,"VIC","Urban","6:00 PM - 12:00 AM",1,1,1,3,18,1,2,3,6,9,0,0,99,99
1097,3,363,0,363,0,24,"NSW","Regional","6:00 AM - 12:00 PM",1,1,1,3,132,2,3,5,7,12,0,0,99,99
1599,4,850,0,850,0,29,"NSW","Urban","6:00 AM - 12:00 PM",1,0,0,2,12,1,2,2,1,3,0,0,99,99
6995,18,640,0,640,0,48,"VIC","Urban","6:00 AM - 12:00 PM",0,0,0,2,36,2,2,3,3,6,0,0,99,99
8759,22,2489,778,1711,0,44,"NSW","Remote","6:00 PM - 12:00 AM",1,0,1,1,129,1,4,10,10,20,0,1,3,0
4306,11,681,0,681,1,43,"NSW","Urban","12:00 PM - 6:00 PM",0,0,0,3,128,1,4,10,10,20,0,0,99,99
5224,14,832,0,832,0,40,"WA","Urban","6:00 PM - 12:00 AM",1,0,0,3,23,1,2,4,5,9,0,0,99,99
6495,17,312,0,312,1,33,"NSW","Regional","6:00 AM - 12:00 PM",0,0,0,1,61,1,3,5,5,10,0,0,99,99
2338,6,2997,2000,997,0,78,"QLD","Urban","12:00 AM - 6:00 AM",1,0,0,3,134,2,2,8,7,15,0,0,99,99
6874,18,2359,0,2359,1,40,"WA","Urban","6:00 PM - 12:00 AM",1,0,0,3,151,1,4,9,10,19,1,0,99,99
272,1,4199,2172,2027,0,47,"NSW","Urban","12:00 AM - 6:00 AM",0,1,0,3,174,3,2,0,0,0,0,1,0,1
9588,24,2134,1440,694,1,56,"NSW","Regional","12:00 AM - 6:00 AM",0,1,0,2,14,2,3,0,4,4,0,0,99,99
9002,23,1102,0,1102,0,76,"SA","Urban","12:00 AM - 6:00 AM",1,1,0,3,91,1,4,10,10,20,1,0,99,99
2667,7,2990,2081,909,1,59,"NSW","Urban","12:00 AM - 6:00 AM",1,1,1,1,13,4,3,0,2,2,1,0,99,99
6988,18,3835,1881,1954,99,37,"TAS","Urban","6:00 PM - 12:00 AM",1,0,1,3,159,1,4,5,6,11,1,0,99,99
5874,15,1225,0,1225,1,-99,"NSW","Regional","6:00 PM - 12:00 AM",0,0,1,3,121,2,5,7,9,16,0,0,99,99
1065,3,1836,1600,236,1,50,"VIC","Urban","6:00 AM - 12:00 PM",0,0,0,1,126,1,2,7,9,16,0,0,99,99
9918,25,247,0,247,1,63,"VIC","Urban","6:00 PM - 12:00 AM",0,1,0,3,139,2,3,10,10,20,0,0,99,99
9109,23,1542,0,1542,0,44,"QLD","Urban","12:00 PM - 6:00 PM",1,1,0,2,26,4,2,0,0,0,1,0,99,99
9121,23,425,0,425,1,69,"NSW","Regional","6:00 AM - 12:00 PM",0,1,1,3,78,1,3,6,8,14,0,0,99,99
2,1,1469,0,1469,1,39,"VIC","Urban","12:00 PM - 6:00 PM",1,1,1,3,24,1,3,6,2,8,0,0,99,99
9319,24,312,0,312,0,76,"SA","Urban","12:00 PM - 6:00 PM",0,0,1,3,44,2,3,8,7,15,1,0,99,99
5314,14,3021,1880,1141,1,44,"QLD","Urban","6:00 PM - 12:00 AM",0,0,1,1,22,1,2,1,3,4,0,0,99,99
8932,23,1609,1603,6,0,41,"NT","Urban","6:00 PM - 12:00 AM",0,1,0,1,46,2,3,3,2,5,0,0,99,99
780,2,2127,1838,289,0,41,"NT","Regional","12:00 PM - 6:00 PM",0,1,0,3,66,1,3,3,7,10,1,0,99,99
7096,18,904,0,904,99,75,"NSW","Remote","12:00 AM - 6:00 AM",0,1,1,1,155,4,3,6,8,14,0,1,5,0
8351,21,2367,1357,1010,1,75,"QLD","Urban","6:00 AM - 12:00 PM",1,1,0,3,157,4,3,6,6,12,0,0,99,99
743,2,1103,0,1103,0,36,"NSW","Remote","6:00 PM - 12:00 AM",1,0,0,3,60,1,3,5,0,5,0,0,99,99
85,1,324,0,324,1,22,"TAS","Urban","12:00 AM - 6:00 AM",1,0,1,1,42,2,3,9,5,14,1,0,99,99
4601,12,3754,2133,1621,0,43,"NSW","Regional","12:00 AM - 6:00 AM",1,0,0,3,26,1,4,1,1,2,0,0,99,99
298,1,194,0,194,1,34,"NSW","Urban","12:00 AM - 6:00 AM",1,0,0,2,66,1,3,5,4,9,1,0,99,99
6458,17,3771,1870,1901,1,22,"NSW","Regional","6:00 PM - 12:00 AM",0,0,0,3,124,2,5,10,10,20,1,0,99,99
9172,23,2252,1327,925,0,63,"QLD","Urban","6:00 PM - 12:00 AM",1,1,0,3,131,4,3,10,10,20,1,1,4,0
137,1,198,0,198,1,59,"NSW","Urban","12:00 AM - 6:00 AM",0,1,0,3,42,1,3,10,5,15,0,0,99,99
2270,6,1276,0,1276,1,-99,"VIC","Urban","12:00 AM - 6:00 AM",0,1,0,3,117,2,3,6,5,11,1,0,99,99
2051,6,1965,1100,865,1,27,"QLD","Urban","6:00 PM - 12:00 AM",0,0,1,1,47,1,3,5,6,11,0,0,99,99
1158,3,2052,1840,212,0,45,"QLD","Regional","12:00 PM - 6:00 PM",1,1,0,3,60,1,3,9,9,18,1,0,99,99
2510,7,1116,0,1116,1,70,"SA","Urban","6:00 PM - 12:00 AM",0,0,0,3,19,1,3,4,6,10,0,1,4,0
8622,22,2414,1763,651,1,40,"SA","Urban","6:00 AM - 12:00 PM",0,1,1,3,57,2,3,3,2,5,1,1,5,0
1322,4,245,0,245,0,21,"NSW","Regional","6:00 AM - 12:00 PM",0,1,1,2,30,1,3,0,0,0,0,0,99,99
8843,23,1780,1219,561,1,46,"NT","Urban","6:00 PM - 12:00 AM",0,0,1,3,88,1,3,9,10,19,1,0,99,99
5009,13,756,0,756,1,31,"NSW","Regional","6:00 AM - 12:00 PM",0,1,0,3,141,2,3,8,8,16,1,0,99,99
5169,13,1677,1231,446,1,-99,"VIC","Urban","6:00 PM - 12:00 AM",0,1,0,3,60,1,2,6,4,10,0,0,99,99
7391,19,260,0,260,1,19,"NSW","Regional","6:00 PM - 12:00 AM",1,1,0,3,153,3,3,7,7,14,0,0,99,99
4747,12,765,0,765,1,73,"SA","Urban","6:00 PM - 12:00 AM",1,1,1,2,151,1,3,9,4,13,0,0,99,99
8269,21,626,0,626,1,59,"VIC","Urban","6:00 PM - 12:00 AM",0,1,0,3,54,4,2,2,1,3,0,0,99,99
1592,4,1950,1433,517,0,33,"QLD","Regional","6:00 AM - 12:00 PM",1,0,1,3,126,1,3,8,10,18,1,1,5,0
1310,4,3529,1617,1912,1,46,"WA","Urban","6:00 AM - 12:00 PM",1,0,1,3,42,1,5,3,0,3,0,0,99,99
5749,15,1750,0,1750,0,76,"NSW","Regional","12:00 PM - 6:00 PM",0,0,0,1,100,2,3,10,9,19,1,0,99,99
7942,20,1642,0,1642,1,50,"SA","Urban","6:00 PM - 12:00 AM",0,1,1,2,39,1,2,4,4,8,0,0,99,99
6176,16,141,0,141,1,22,"SA","Urban","6:00 AM - 12:00 PM",0,1,1,2,137,2,3,7,6,13,1,0,99,99
7662,20,3883,1665,2218,0,-99,"NSW","Regional","12:00 PM - 6:00 PM",0,1,0,3,127,2,4,7,8,15,0,0,99,99
6076,16,729,0,729,1,44,"NSW","Urban","6:00 PM - 12:00 AM",0,1,0,3,16,2,3,0,0,0,0,0,99,99
256,1,1968,1692,276,1,39,"NSW","Urban","12:00 AM - 6:00 AM",1,1,1,3,42,1,4,9,7,16,1,0,99,99
6589,17,2325,1617,708,1,33,"VIC","Urban","12:00 AM - 6:00 AM",1,1,0,2,19,3,3,0,2,2,1,1,3,1
2406,7,1830,1386,444,1,23,"SA","Urban","6:00 AM - 12:00 PM",1,0,1,1,65,1,3,9,10,19,0,0,99,99
866,3,814,0,814,1,24,"NSW","Urban","6:00 PM - 12:00 AM",1,0,0,3,126,2,2,5,5,10,1,0,99,99
343,1,2106,1616,490,0,44,"VIC","Urban","6:00 PM - 12:00 AM",1,1,0,3,180,2,2,2,3,5,0,0,99,99
7574,19,942,0,942,0,61,"VIC","Urban","6:00 PM - 12:00 AM",0,1,0,2,21,1,4,3,4,7,1,0,99,99
7688,20,2752,2155,597,1,49,"WA","Urban","12:00 PM - 6:00 PM",0,1,1,1,180,1,3,0,0,0,1,0,99,99
3061,8,1926,1734,192,1,60,"QLD","Urban","6:00 PM - 12:00 AM",1,1,0,2,148,1,3,10,3,13,0,0,99,99
1473,4,4592,2290,2302,0,56,"TAS","Urban","6:00 AM - 12:00 PM",1,0,1,3,78,3,3,9,8,17,1,0,99,99
482,2,236,0,236,0,47,"QLD","Regional","6:00 PM - 12:00 AM",1,1,1,3,162,1,2,6,7,13,0,1,3,0
2164,6,1878,1524,354,0,49,"NSW","Remote","6:00 PM - 12:00 AM",0,1,1,3,68,2,1,9,10,19,0,0,99,99
4349,11,2248,921,1327,1,44,"WA","Urban","6:00 AM - 12:00 PM",0,0,0,2,98,2,3,7,3,10,1,0,99,99
2896,8,3358,1805,1553,99,51,"NSW","Remote","12:00 AM - 6:00 AM",1,1,1,3,100,3,4,10,7,17,0,0,99,99
3115,8,1817,1247,570,0,77,"WA","Urban","6:00 PM - 12:00 AM",1,1,0,3,77,2,3,8,7,15,0,0,99,99
4718,12,1129,1129,0,1,68,"NSW","Urban","12:00 AM - 6:00 AM",1,1,1,3,56,1,3,7,7,14,0,0,99,99
5391,14,2587,1595,992,1,72,"NSW","Urban","6:00 AM - 12:00 PM",0,1,1,3,85,3,3,8,10,18,1,0,99,99
1917,5,425,0,425,0,25,"NSW","Remote","6:00 PM - 12:00 AM",0,1,1,3,138,1,4,10,9,19,1,1,5,1
7474,19,3377,1582,1795,1,63,"SA","Urban","6:00 AM - 12:00 PM",0,0,0,1,66,1,3,10,9,19,1,1,2,1
8061,21,2825,2016,809,1,46,"NSW","Regional","12:00 AM - 6:00 AM",1,0,0,3,33,1,4,7,7,14,0,0,99,99
5744,15,1763,1589,174,0,69,"SA","Urban","6:00 AM - 12:00 PM",0,1,0,3,142,1,2,8,4,12,1,0,99,99
5675,15,931,0,931,0,48,"VIC","Urban","6:00 AM - 12:00 PM",1,0,0,2,12,1,4,0,0,0,0,0,99,99
1589,4,3323,1873,1450,1,44,"NSW","Remote","6:00 AM - 12:00 PM",0,1,1,2,24,3,2,0,4,4,0,0,99,99
7745,20,2757,1128,1629,1,38,"NSW","Regional","12:00 AM - 6:00 AM",1,1,1,3,115,4,3,10,10,20,0,0,99,99
3431,9,3811,2196,1615,1,32,"NSW","Remote","6:00 AM - 12:00 PM",1,1,0,3,97,3,4,10,10,20,0,1,5,0
6976,18,499,0,499,1,56,"VIC","Urban","6:00 PM - 12:00 AM",0,1,0,3,106,1,3,6,4,10,1,0,99,99
5360,14,1931,0,1931,1,21,"VIC","Urban","6:00 AM - 12:00 PM",0,1,1,2,62,1,3,7,6,13,1,0,99,99
6473,17,1431,0,1431,0,47,"NSW","Urban","6:00 PM - 12:00 AM",1,1,0,2,159,2,2,4,2,6,0,1,5,0
3581,9,856,0,856,1,64,"NSW","Urban","6:00 AM - 12:00 PM",1,0,0,3,139,3,4,10,10,20,0,0,99,99
5615,15,2135,1725,410,0,57,"NSW","Remote","12:00 PM - 6:00 PM",0,0,0,3,149,2,3,5,6,11,0,0,99,99
1202,4,1693,1468,225,1,40,"VIC","Regional","12:00 PM - 6:00 PM",0,1,0,3,168,1,3,5,7,12,1,0,99,99
4415,12,952,0,952,1,72,"VIC","Urban","6:00 AM - 12:00 PM",1,1,0,2,28,3,3,4,4,8,1,0,99,99
2693,7,2595,1511,1084,0,71,"NSW","Urban","6:00 AM - 12:00 PM",0,1,0,3,34,1,3,1,0,1,1,0,99,99
2457,7,1899,1618,281,1,51,"NSW","Urban","6:00 AM - 12:00 PM",0,1,0,1,98,1,3,8,9,17,0,0,99,99
7441,19,1824,1824,0,1,37,"QLD","Urban","6:00 AM - 12:00 PM",1,1,1,2,118,1,3,7,6,13,0,1,4,0
8962,23,2144,1829,315,0,78,"SA","Urban","6:00 AM - 12:00 PM",1,1,0,3,32,1,3,4,4,8,1,1,5,1
7922,20,700,0,700,1,57,"QLD","Urban","6:00 AM - 12:00 PM",1,0,0,3,137,4,3,6,8,14,1,0,99,99
6512,17,1609,0,1609,1,33,"NSW","Regional","6:00 AM - 12:00 PM",1,0,0,2,101,1,2,8,7,15,0,0,99,99
3324,9,2387,2387,0,0,71,"VIC","Urban","6:00 PM - 12:00 AM",1,1,1,3,107,1,3,10,8,18,0,1,5,0
4496,12,3345,1841,1504,0,53,"QLD","Urban","12:00 PM - 6:00 PM",0,1,0,2,73,2,3,7,8,15,0,0,99,99
6413,17,565,0,565,1,32,"VIC","Urban","6:00 AM - 12:00 PM",1,1,0,3,178,2,2,4,2,6,0,0,99,99
5587,14,1180,0,1180,1,62,"NSW","Regional","6:00 PM - 12:00 AM",0,0,1,3,26,3,3,4,1,5,0,1,0,0
1511,4,4308,2268,2040,0,53,"NSW","Urban","6:00 AM - 12:00 PM",0,0,0,3,18,1,2,6,5,11,0,0,99,99
8289,21,2566,2552,14,0,33,"VIC","Urban","6:00 AM - 12:00 PM",1,1,1,2,132,4,2,5,4,9,0,0,99,99
5665,15,748,0,748,1,45,"NSW","Regional","6:00 AM - 12:00 PM",1,0,0,3,133,1,2,5,3,8,0,0,99,99
2970,8,475,0,475,0,48,"NSW","Urban","6:00 PM - 12:00 AM",0,1,0,3,98,1,3,5,9,14,0,0,99,99
689,2,4711,2478,2233,1,59,"NSW","Urban","6:00 PM - 12:00 AM",0,0,1,2,18,2,2,0,1,1,0,0,99,99
8889,23,2239,1604,635,0,27,"VIC","Urban","6:00 AM - 12:00 PM",0,1,0,3,171,2,4,4,6,10,0,0,99,99
7153,18,1131,0,1131,1,21,"NSW","Regional","12:00 PM - 6:00 PM",0,1,0,3,118,1,3,6,7,13,1,0,99,99
2229,6,837,0,837,0,20,"NSW","Remote","6:00 PM - 12:00 AM",0,0,0,3,95,1,1,10,10,20,0,0,99,99
9799,25,2568,1665,903,1,32,"VIC","Urban","12:00 AM - 6:00 AM",0,0,0,3,148,1,4,6,7,13,0,0,99,99
8942,23,409,0,409,1,29,"TAS","Urban","12:00 AM - 6:00 AM",1,1,0,3,41,2,4,2,1,3,0,0,99,99
3132,8,2570,1889,681,0,66,"WA","Urban","6:00 AM - 12:00 PM",1,1,0,1,140,1,2,10,10,20,0,0,99,99
4143,11,3765,2382,1383,0,75,"QLD","Urban","6:00 PM - 12:00 AM",0,1,0,2,58,2,2,3,3,6,1,0,99,99
2958,8,653,0,653,1,33,"NSW","Regional","6:00 AM - 12:00 PM",1,1,1,3,27,1,3,3,5,8,1,1,2,0
4940,13,1844,0,1844,1,58,"NSW","Regional","12:00 AM - 6:00 AM",0,1,0,2,82,2,2,6,9,15,0,0,99,99
7227,19,3519,2995,524,1,59,"WA","Urban","6:00 PM - 12:00 AM",0,0,1,3,23,4,3,2,0,2,0,0,99,99
5713,15,984,0,984,0,77,"NT","Urban","6:00 PM - 12:00 AM",0,0,1,3,81,2,3,10,7,17,0,0,99,99
1392,4,501,0,501,0,39,"VIC","Urban","6:00 AM - 12:00 PM",1,1,0,3,60,1,3,1,5,6,0,0,99,99
3357,9,1096,0,1096,0,21,"SA","Urban","12:00 AM - 6:00 AM",1,1,0,2,74,2,3,9,8,17,0,1,5,0
7597,19,2558,1893,665,99,42,"QLD","Urban","6:00 PM - 12:00 AM",0,0,0,3,179,1,4,2,3,5,0,1,3,0
7958,20,1148,0,1148,1,-99,"NSW","Urban","12:00 AM - 6:00 AM",1,0,0,3,179,1,2,2,0,2,0,0,99,99
5581,14,514,0,514,1,46,"NSW","Regional","6:00 AM - 12:00 PM",0,0,1,3,48,1,4,7,7,14,0,0,99,99
4355,11,2964,2248,716,0,42,"NSW","Regional","12:00 PM - 6:00 PM",1,1,0,1,33,2,2,4,2,6,0,0,99,99
4009,11,3830,1749,2081,0,61,"VIC","Urban","6:00 PM - 12:00 AM",1,1,0,3,146,2,4,6,8,14,1,1,5,0
1683,5,1242,0,1242,0,36,"NSW","Urban","6:00 PM - 12:00 AM",1,1,1,3,96,1,2,4,6,10,0,1,2,0
2500,7,211,0,211,1,-99,"VIC","Urban","6:00 PM - 12:00 AM",1,0,0,1,168,2,3,1,3,4,0,0,99,99
2906,8,67,0,67,1,27,"VIC","Urban","12:00 PM - 6:00 PM",1,1,1,3,117,2,3,9,10,19,0,0,99,99
7485,19,2912,1979,933,0,19,"NSW","Regional","6:00 PM - 12:00 AM",1,1,1,3,115,4,3,10,10,20,0,0,99,99
5736,15,3907,1917,1990,1,57,"VIC","Urban","6:00 AM - 12:00 PM",1,1,0,3,119,4,4,7,10,17,0,0,99,99
5633,15,1482,0,1482,0,56,"NSW","Remote","6:00 PM - 12:00 AM",1,1,0,1,19,1,3,0,0,0,0,1,3,0
4051,11,1009,0,1009,0,31,"QLD","Urban","6:00 PM - 12:00 AM",0,1,0,3,121,2,3,6,5,11,0,0,99,99
2147,6,3945,2531,1414,0,60,"VIC","Urban","6:00 PM - 12:00 AM",0,0,0,3,108,2,3,7,5,12,1,0,99,99
5552,14,2137,0,2137,0,-99,"QLD","Urban","12:00 PM - 6:00 PM",0,1,1,1,128,2,3,9,6,15,1,0,99,99
3761,10,2982,1879,1103,0,73,"VIC","Urban","6:00 AM - 12:00 PM",1,1,1,2,171,2,4,4,5,9,1,0,99,99
4305,11,1447,1334,113,1,45,"NSW","Urban","12:00 PM - 6:00 PM",0,1,0,3,13,4,2,0,0,0,0,0,99,99
8076,21,1059,0,1059,1,45,"NSW","Regional","6:00 PM - 12:00 AM",1,1,1,3,176,1,2,0,0,0,0,1,4,0
8219,21,1500,0,1500,0,75,"TAS","Urban","6:00 AM - 12:00 PM",0,1,1,3,176,3,3,4,5,9,0,0,99,99
1286,4,816,0,816,0,38,"NT","Urban","6:00 AM - 12:00 PM",0,1,0,3,120,1,3,4,4,8,0,0,99,99
6662,17,1610,1442,168,0,19,"NSW","Regional","6:00 AM - 12:00 PM",1,1,1,2,152,2,3,10,8,18,0,0,99,99
2184,6,3104,2055,1049,1,-99,"VIC","Urban","6:00 AM - 12:00 PM",0,1,1,3,12,1,4,0,3,3,0,0,99,99
1208,4,4243,2253,1990,0,56,"NSW","Urban","6:00 AM - 12:00 PM",1,0,1,3,162,1,3,2,1,3,0,0,99,99
6078,16,2293,1463,830,1,74,"VIC","Urban","6:00 PM - 12:00 AM",1,0,1,3,101,1,2,6,5,11,1,0,99,99
8120,21,503,0,503,0,75,"NSW","Remote","12:00 PM - 6:00 PM",1,0,1,2,178,1,3,4,1,5,0,0,99,99
684,2,2284,1956,328,1,38,"VIC","Urban","6:00 PM - 12:00 AM",0,0,0,1,102,2,3,6,5,11,0,1,3,0
8118,21,840,0,840,1,68,"NSW","Urban","6:00 AM - 12:00 PM",1,1,0,1,180,1,3,4,4,8,0,1,5,0
7982,20,3413,2196,1217,1,20,"NSW","Urban","6:00 PM - 12:00 AM",1,1,0,2,20,1,2,4,3,7,1,0,99,99
2713,7,1255,0,1255,0,66,"VIC","Urban","6:00 AM - 12:00 PM",1,1,0,3,86,2,4,10,10,20,1,0,99,99
6054,16,301,0,301,99,69,"SA","Urban","6:00 AM - 12:00 PM",0,0,0,1,40,1,5,8,5,13,1,0,99,99
8667,22,1067,0,1067,1,29,"NSW","Remote","6:00 AM - 12:00 PM",1,0,1,2,138,2,3,9,8,17,0,0,99,99
5025,13,2994,1714,1280,1,-99,"NT","Urban","6:00 PM - 12:00 AM",0,0,1,3,28,1,4,4,2,6,0,0,99,99
729,2,4214,2619,1595,0,59,"SA","Urban","6:00 PM - 12:00 AM",1,0,1,2,90,3,4,8,10,18,1,0,99,99
9470,24,2144,1613,531,1,57,"WA","Urban","6:00 AM - 12:00 PM",1,1,0,3,131,1,2,8,5,13,0,0,99,99
4476,12,1307,0,1307,1,40,"VIC","Urban","6:00 AM - 12:00 PM",1,1,0,3,84,1,4,5,8,13,1,0,99,99
9332,24,741,0,741,1,59,"NSW","Urban","6:00 AM - 12:00 PM",0,0,0,1,168,1,3,8,7,15,0,0,99,99
1374,4,2763,1765,998,1,56,"NT","Urban","6:00 AM - 12:00 PM",1,1,1,2,30,3,2,2,1,3,0,1,0,1
7675,20,1786,1257,529,1,55,"VIC","Urban","6:00 AM - 12:00 PM",0,1,1,1,31,1,2,0,0,0,0,1,1,1
5823,15,2022,0,2022,1,72,"NSW","Urban","6:00 AM - 12:00 PM",1,1,1,3,34,1,3,4,4,8,0,0,99,99
2911,8,3197,2253,944,0,72,"WA","Urban","6:00 AM - 12:00 PM",0,1,1,3,57,1,3,7,7,14,0,0,99,99
6404,17,498,0,498,1,55,"VIC","Urban","6:00 PM - 12:00 AM",1,1,0,3,25,2,3,3,2,5,0,1,2,1
926,3,1286,0,1286,1,50,"QLD","Urban","6:00 AM - 12:00 PM",0,1,0,1,90,2,2,7,7,14,1,0,99,99
997,3,283,0,283,0,25,"VIC","Regional","6:00 AM - 12:00 PM",1,1,0,3,42,2,3,4,3,7,0,0,99,99
8400,21,1612,1587,25,0,52,"NSW","Urban","6:00 PM - 12:00 AM",0,1,1,3,119,2,3,7,6,13,0,0,99,99
4337,11,206,0,206,1,56,"NT","Urban","12:00 PM - 6:00 PM",1,0,1,2,66,2,3,6,6,12,0,1,5,0
5996,15,584,0,584,0,70,"VIC","Urban","6:00 PM - 12:00 AM",1,1,0,3,116,1,2,5,3,8,0,0,99,99
9006,23,2939,1852,1087,0,74,"TAS","Urban","6:00 AM - 12:00 PM",0,1,1,2,128,1,5,10,9,19,0,0,99,99
186,1,2968,1748,1220,1,43,"SA","Urban","12:00 AM - 6:00 AM",0,0,1,3,168,4,5,5,5,10,0,0,99,99
4653,12,593,0,593,0,68,"TAS","Urban","6:00 AM - 12:00 PM",0,1,0,2,56,2,2,9,10,19,0,0,99,99
3012,8,1475,1475,0,1,62,"NSW","Remote","6:00 PM - 12:00 AM",1,0,0,3,117,1,3,8,9,17,0,0,99,99
1083,3,1430,1260,170,0,27,"NT","Regional","6:00 AM - 12:00 PM",1,1,1,3,72,1,2,7,5,12,1,0,99,99
5731,15,3204,1689,1515,0,69,"TAS","Urban","6:00 AM - 12:00 PM",0,1,1,3,123,2,3,10,10,20,1,0,99,99
941,3,393,0,393,0,22,"VIC","Urban","6:00 AM - 12:00 PM",1,1,0,2,42,1,5,3,3,6,0,0,99,99
4680,12,1897,1360,537,0,53,"QLD","Urban","6:00 PM - 12:00 AM",1,1,0,3,91,1,3,8,10,18,0,0,99,99
6868,18,1195,0,1195,0,36,"QLD","Urban","6:00 AM - 12:00 PM",1,0,0,3,123,4,4,8,10,18,0,0,99,99
4508,12,1985,1982,3,0,18,"NSW","Remote","6:00 PM - 12:00 AM",1,0,1,3,164,1,2,3,5,8,0,0,99,99
1686,5,3716,2157,1559,0,54,"NT","Urban","6:00 PM - 12:00 AM",0,0,0,2,120,2,2,10,10,20,0,0,99,99
6894,18,3332,1847,1485,1,-99,"VIC","Urban","12:00 AM - 6:00 AM",0,1,0,3,112,2,2,9,6,15,1,0,99,99
9850,25,2555,1116,1439,0,49,"WA","Urban","6:00 AM - 12:00 PM",0,1,1,1,82,2,2,9,8,17,0,0,99,99
7543,19,1617,0,1617,1,60,"NSW","Urban","6:00 PM - 12:00 AM",1,0,0,2,37,2,2,6,3,9,1,0,99,99
5722,15,2272,1916,356,1,24,"VIC","Urban","6:00 PM - 12:00 AM",0,1,0,3,131,1,2,3,3,6,1,0,99,99
7106,18,549,0,549,1,26,"NSW","Remote","12:00 PM - 6:00 PM",1,1,0,3,110,3,4,5,5,10,0,0,99,99
7947,20,1284,0,1284,1,66,"TAS","Urban","6:00 AM - 12:00 PM",0,1,0,3,151,1,2,3,4,7,1,0,99,99
5039,13,1485,0,1485,1,26,"VIC","Urban","12:00 PM - 6:00 PM",0,1,1,3,100,1,3,9,6,15,1,0,99,99
3342,9,470,0,470,1,26,"TAS","Urban","6:00 PM - 12:00 AM",0,1,1,3,48,1,2,4,2,6,1,0,99,99
9669,25,1487,0,1487,1,47,"NSW","Remote","6:00 PM - 12:00 AM",1,1,0,3,178,1,3,3,3,6,1,0,99,99
305,1,3536,1852,1684,0,59,"WA","Urban","6:00 PM - 12:00 AM",0,0,0,3,48,3,1,5,3,8,0,0,99,99
9905,25,1596,0,1596,1,47,"NSW","Regional","6:00 AM - 12:00 PM",1,1,1,1,156,1,4,4,2,6,0,1,5,0
4866,13,3765,1833,1932,1,75,"NSW","Regional","6:00 AM - 12:00 PM",0,1,1,2,125,1,3,9,7,16,0,0,99,99
8956,23,3101,1728,1373,1,53,"NSW","Urban","6:00 AM - 12:00 PM",1,1,0,3,12,3,3,0,0,0,0,0,99,99
8404,22,3195,2015,1180,0,70,"SA","Urban","6:00 PM - 12:00 AM",1,0,0,2,16,1,3,2,4,6,1,0,99,99
1907,5,1974,1543,431,1,37,"NSW","Regional","6:00 PM - 12:00 AM",1,1,0,3,144,2,2,2,1,3,0,1,2,1
917,3,1317,0,1317,1,47,"VIC","Urban","6:00 AM - 12:00 PM",0,0,1,3,174,2,4,7,4,11,0,0,99,99
7409,19,2024,0,2024,1,76,"VIC","Urban","6:00 PM - 12:00 AM",0,0,1,1,27,2,5,4,8,12,0,0,99,99
4934,13,2163,1895,268,0,75,"NSW","Regional","6:00 PM - 12:00 AM",1,1,0,3,158,3,3,7,6,13,1,0,99,99
1445,4,1865,1760,105,1,28,"ACT","Urban","6:00 AM - 12:00 PM",0,1,1,1,156,1,4,4,3,7,0,0,99,99
5691,15,2271,1956,315,1,51,"NSW","Regional","6:00 AM - 12:00 PM",1,0,0,2,26,1,4,2,0,2,1,0,99,99
9092,23,401,0,401,1,75,"NSW","Remote","6:00 PM - 12:00 AM",0,1,0,3,154,2,2,2,2,4,1,0,99,99
8368,21,1918,1360,558,0,46,"VIC","Urban","12:00 AM - 6:00 AM",1,0,0,3,149,2,2,2,0,2,0,1,1,1
5313,14,2700,1058,1642,0,20,"VIC","Urban","12:00 PM - 6:00 PM",0,0,0,2,170,2,4,10,10,20,1,0,99,99
4372,11,3394,2457,937,1,31,"TAS","Urban","12:00 AM - 6:00 AM",0,1,0,3,37,2,2,4,5,9,0,0,99,99
5594,14,3165,1998,1167,0,47,"TAS","Urban","12:00 PM - 6:00 PM",1,0,1,3,163,2,1,3,4,7,0,0,99,99
2288,6,3467,1043,2424,0,48,"NSW","Regional","6:00 PM - 12:00 AM",0,0,0,3,77,1,4,10,10,20,0,0,99,99
3044,8,2327,1400,927,1,40,"VIC","Urban","6:00 AM - 12:00 PM",0,1,0,3,142,2,3,5,7,12,0,0,99,99
7470,19,2074,2074,0,0,61,"WA","Urban","6:00 PM - 12:00 AM",0,0,1,2,170,4,2,4,2,6,0,0,99,99
957,3,4168,2354,1814,1,53,"QLD","Urban","12:00 PM - 6:00 PM",0,0,0,3,150,2,2,10,9,19,0,0,99,99
5205,14,1631,1538,93,0,22,"VIC","Urban","6:00 PM - 12:00 AM",1,0,0,3,24,1,3,0,2,2,1,0,99,99
9089,23,492,0,492,1,43,"TAS","Urban","6:00 PM - 12:00 AM",1,1,1,3,56,2,3,8,8,16,0,0,99,99
6827,18,683,0,683,1,32,"NSW","Regional","12:00 PM - 6:00 PM",1,0,0,3,70,2,3,9,10,19,1,0,99,99
4914,13,1108,0,1108,0,58,"VIC","Urban","6:00 PM - 12:00 AM",0,1,0,3,12,1,4,2,0,2,0,0,99,99
7435,19,696,0,696,1,56,"NT","Urban","12:00 AM - 6:00 AM",1,0,0,3,114,1,2,5,5,10,1,0,99,99
3509,9,1442,0,1442,0,35,"NSW","Regional","12:00 AM - 6:00 AM",0,0,0,1,112,1,3,10,10,20,0,0,99,99
1375,4,326,0,326,1,25,"NT","Regional","6:00 AM - 12:00 PM",0,1,0,3,72,1,4,4,4,8,0,0,99,99
1091,3,989,0,989,0,39,"NSW","Remote","6:00 AM - 12:00 PM",1,1,1,3,138,1,3,9,8,17,1,0,99,99
8215,21,1342,0,1342,1,-99,"SA","Urban","12:00 AM - 6:00 AM",0,1,0,3,106,4,2,8,10,18,0,0,99,99
3471,9,2536,1766,770,1,31,"NT","Urban","6:00 AM - 12:00 PM",0,0,1,3,95,4,2,9,7,16,0,0,99,99
8553,22,733,0,733,0,36,"NSW","Regional","6:00 PM - 12:00 AM",1,1,0,3,161,2,2,10,10,20,0,0,99,99
6790,17,3171,2274,897,0,43,"VIC","Urban","6:00 AM - 12:00 PM",0,1,0,3,63,3,3,8,7,15,0,0,99,99
6214,16,2984,1909,1075,1,41,"NSW","Urban","6:00 PM - 12:00 AM",0,0,0,2,156,2,3,3,1,4,0,0,99,99
3780,10,3647,2455,1192,0,75,"NSW","Remote","6:00 PM - 12:00 AM",0,1,1,3,73,1,3,10,10,20,0,0,99,99
5128,13,1561,0,1561,1,48,"NSW","Regional","12:00 AM - 6:00 AM",1,1,1,3,113,2,3,9,8,17,0,0,99,99
2943,8,4411,2154,2257,0,33,"NSW","Urban","6:00 AM - 12:00 PM",1,1,0,1,144,3,2,7,7,14,0,1,3,0
420,2,1327,1072,255,1,26,"TAS","Urban","6:00 PM - 12:00 AM",0,1,1,1,42,2,2,4,1,5,0,0,99,99
4141,11,1995,0,1995,0,78,"NSW","Remote","6:00 PM - 12:00 AM",1,0,1,2,20,1,3,0,0,0,0,0,99,99
966,3,306,0,306,1,24,"VIC","Regional","6:00 AM - 12:00 PM",1,1,1,2,84,2,3,9,5,14,0,0,99,99
2938,8,2475,1016,1459,0,55,"NSW","Urban","12:00 AM - 6:00 AM",0,1,1,1,171,1,4,4,4,8,0,0,99,99
3227,9,2738,1992,746,1,56,"NSW","Regional","6:00 PM - 12:00 AM",1,1,0,2,46,2,3,6,5,11,0,0,99,99
6813,18,3047,2016,1031,1,68,"NSW","Regional","12:00 PM - 6:00 PM",0,0,0,3,61,1,2,9,10,19,0,0,99,99
9785,25,3063,2160,903,0,67,"QLD","Urban","6:00 AM - 12:00 PM",0,1,0,3,74,1,1,4,5,9,0,0,99,99
8236,21,3022,1399,1623,0,39,"TAS","Urban","6:00 AM - 12:00 PM",0,1,0,3,57,1,3,2,0,2,0,0,99,99
540,2,244,0,244,0,50,"NT","Urban","6:00 PM - 12:00 AM",0,1,0,2,180,1,2,0,0,0,0,0,99,99
1801,5,3276,1859,1417,0,55,"NSW","Urban","6:00 PM - 12:00 AM",1,0,0,3,156,3,3,6,10,16,1,0,99,99
8930,23,307,0,307,99,73,"WA","Urban","6:00 AM - 12:00 PM",1,1,1,2,117,2,4,10,10,20,0,0,99,99
4489,12,3043,1468,1575,0,34,"WA","Urban","12:00 AM - 6:00 AM",0,1,1,3,60,2,4,6,8,14,0,0,99,99
8212,21,3033,2195,838,0,68,"QLD","Urban","6:00 AM - 12:00 PM",0,0,0,1,131,1,2,8,7,15,0,0,99,99
5556,14,1092,0,1092,0,55,"VIC","Urban","6:00 PM - 12:00 AM",1,1,0,2,51,1,2,6,6,12,0,0,99,99
3204,9,1896,1328,568,1,32,"VIC","Urban","6:00 PM - 12:00 AM",1,1,0,3,34,1,3,3,0,3,1,0,99,99
3894,10,755,0,755,1,59,"VIC","Urban","6:00 PM - 12:00 AM",1,0,0,3,90,1,3,10,10,20,0,0,99,99
1910,5,219,0,219,1,53,"TAS","Regional","6:00 PM - 12:00 AM",0,0,0,3,102,1,5,10,10,20,1,1,5,0
650,2,3915,2296,1619,0,56,"ACT","Urban","6:00 PM - 12:00 AM",1,0,0,3,162,2,3,1,0,1,0,0,99,99
4809,13,2326,1586,740,1,22,"NSW","Urban","12:00 PM - 6:00 PM",0,1,0,3,60,2,2,8,10,18,1,1,4,1
2324,6,656,0,656,1,44,"QLD","Urban","6:00 PM - 12:00 AM",0,1,1,3,12,1,3,0,2,2,1,0,99,99
1659,5,1510,1313,197,1,35,"WA","Urban","6:00 PM - 12:00 AM",1,1,1,3,114,2,2,10,10,20,1,0,99,99
8077,21,1462,1462,0,1,46,"NSW","Regional","6:00 PM - 12:00 AM",0,0,1,3,49,2,3,9,10,19,0,0,99,99
6213,16,4160,1572,2588,0,72,"NSW","Regional","12:00 PM - 6:00 PM",0,0,1,2,107,1,2,6,8,14,0,0,99,99
7285,19,3208,1638,1570,0,19,"NSW","Regional","6:00 AM - 12:00 PM",1,1,1,3,16,1,2,0,0,0,1,0,99,99
2071,6,3296,1994,1302,1,75,"NSW","Regional","6:00 AM - 12:00 PM",1,0,0,1,80,4,3,7,7,14,0,0,99,99
474,2,216,0,216,1,29,"NSW","Remote","6:00 PM - 12:00 AM",1,1,0,3,156,1,2,3,2,5,0,0,99,99
7146,18,3486,2443,1043,0,27,"NSW","Regional","6:00 AM - 12:00 PM",0,1,0,3,56,1,2,2,4,6,1,0,99,99
2404,7,2901,2355,546,1,57,"NSW","Regional","6:00 PM - 12:00 AM",1,1,0,3,112,2,4,8,10,18,0,0,99,99
5396,14,311,0,311,0,39,"WA","Urban","6:00 AM - 12:00 PM",0,1,1,3,31,1,4,4,6,10,0,1,0,1
3211,9,2718,1266,1452,0,66,"WA","Urban","6:00 AM - 12:00 PM",0,1,0,3,178,3,3,4,4,8,0,0,99,99
8187,21,3657,1510,2147,1,38,"VIC","Urban","12:00 PM - 6:00 PM",0,1,0,3,155,2,2,5,5,10,0,0,99,99
7709,20,3367,2257,1110,1,60,"WA","Urban","6:00 PM - 12:00 AM",1,0,1,2,31,2,3,0,0,0,0,0,99,99
6936,18,1530,995,535,0,23,"NSW","Remote","6:00 PM - 12:00 AM",1,0,0,3,56,4,3,8,9,17,0,0,99,99
7955,20,872,0,872,0,56,"VIC","Urban","12:00 AM - 6:00 AM",1,0,0,3,105,3,3,10,10,20,0,0,99,99
1748,5,1540,1337,203,0,27,"NT","Urban","6:00 PM - 12:00 AM",0,1,1,1,84,1,2,5,6,11,0,0,99,99
9724,25,2215,1439,776,0,66,"VIC","Urban","6:00 AM - 12:00 PM",0,0,0,1,48,1,2,9,7,16,0,1,3,1
604,2,1494,0,1494,1,43,"WA","Remote","6:00 PM - 12:00 AM",0,1,0,2,42,2,4,6,8,14,0,0,99,99
3723,10,864,0,864,0,-99,"VIC","Urban","6:00 PM - 12:00 AM",0,0,1,3,149,3,4,7,5,12,1,0,99,99
3900,10,3149,2165,984,0,37,"NSW","Regional","12:00 PM - 6:00 PM",0,1,1,3,52,2,2,4,4,8,1,0,99,99
8387,21,2695,2052,643,0,45,"VIC","Urban","6:00 AM - 12:00 PM",1,1,0,3,151,2,4,5,9,14,0,0,99,99
8666,22,1897,1883,14,0,33,"VIC","Urban","6:00 AM - 12:00 PM",0,1,0,2,133,2,4,9,10,19,0,0,99,99
4710,12,1364,0,1364,1,67,"NSW","Regional","6:00 PM - 12:00 AM",0,0,0,2,42,1,3,6,7,13,0,0,99,99
7938,20,3870,2369,1501,0,66,"NSW","Regional","12:00 PM - 6:00 PM",0,1,0,2,107,2,2,8,7,15,0,0,99,99
1832,5,435,0,435,1,29,"NSW","Urban","6:00 PM - 12:00 AM",1,1,1,1,138,2,3,8,8,16,0,0,99,99
9090,23,3058,1977,1081,1,42,"NSW","Remote","12:00 AM - 6:00 AM",0,0,1,3,86,2,3,8,9,17,1,0,99,99
3805,10,1717,1237,480,0,21,"NSW","Urban","6:00 PM - 12:00 AM",1,1,1,2,102,1,3,8,10,18,0,0,99,99
6446,17,755,0,755,99,46,"QLD","Urban","6:00 AM - 12:00 PM",1,1,1,2,77,2,3,6,3,9,0,0,99,99
7607,20,2524,2524,0,0,78,"NSW","Regional","6:00 AM - 12:00 PM",0,1,1,3,132,1,2,7,9,16,1,1,1,0
772,2,3290,1788,1502,0,44,"ACT","Urban","6:00 PM - 12:00 AM",0,0,0,3,30,3,3,4,3,7,0,0,99,99
7068,18,2284,1821,463,99,32,"NSW","Regional","6:00 AM - 12:00 PM",0,1,0,3,36,1,4,9,6,15,0,0,99,99
4701,12,2232,1782,450,1,33,"TAS","Urban","6:00 AM - 12:00 PM",0,1,0,3,65,2,1,4,4,8,0,0,99,99
9396,24,3776,2528,1248,1,34,"NSW","Remote","6:00 PM - 12:00 AM",1,1,0,3,127,1,5,6,7,13,0,0,99,99
2508,7,2293,1764,529,0,76,"NSW","Regional","6:00 PM - 12:00 AM",1,0,1,2,180,2,4,0,1,1,0,0,99,99
6206,16,1130,0,1130,1,32,"WA","Urban","6:00 PM - 12:00 AM",1,0,1,2,146,2,4,7,9,16,0,0,99,99
2128,6,853,0,853,1,68,"SA","Urban","12:00 PM - 6:00 PM",0,0,0,1,176,1,5,10,10,20,0,0,99,99
545,2,1167,0,1167,1,36,"SA","Urban","6:00 PM - 12:00 AM",1,1,0,1,24,2,3,0,0,0,0,0,99,99
5268,14,2514,1773,741,1,21,"VIC","Urban","6:00 PM - 12:00 AM",0,1,0,3,62,2,5,5,3,8,0,0,99,99
1366,4,511,0,511,1,22,"NSW","Urban","6:00 AM - 12:00 PM",0,1,1,3,12,2,1,1,1,2,0,0,99,99
3146,8,3110,1617,1493,1,32,"QLD","Urban","6:00 PM - 12:00 AM",0,1,0,1,172,1,2,2,4,6,0,1,2,0
8151,21,3049,1787,1262,1,65,"NSW","Urban","6:00 PM - 12:00 AM",0,1,0,3,173,1,3,0,0,0,0,0,99,99
1173,3,519,0,519,1,28,"TAS","Urban","6:00 AM - 12:00 PM",1,1,1,3,162,2,2,0,2,2,0,0,99,99
6410,17,1297,1297,0,1,65,"VIC","Urban","6:00 AM - 12:00 PM",1,0,1,2,108,3,3,8,7,15,1,0,99,99
6354,16,900,0,900,0,34,"WA","Urban","6:00 AM - 12:00 PM",1,1,1,3,52,2,3,5,3,8,0,0,99,99
5817,15,974,0,974,0,42,"VIC","Urban","6:00 PM - 12:00 AM",1,1,1,3,120,3,3,10,9,19,0,0,99,99
699,2,1597,1380,217,1,29,"SA","Urban","6:00 PM - 12:00 AM",1,0,1,1,42,2,4,4,3,7,0,0,99,99
219,1,3973,1995,1978,1,55,"VIC","Regional","12:00 AM - 6:00 AM",0,0,0,3,12,1,1,1,0,1,0,0,99,99
9880,25,1854,1783,71,0,34,"VIC","Urban","6:00 AM - 12:00 PM",1,1,1,3,20,1,1,3,4,7,1,0,99,99
2319,6,3542,1819,1723,1,75,"QLD","Urban","6:00 PM - 12:00 AM",0,0,1,2,32,2,3,4,1,5,0,1,5,0
4761,12,3577,2062,1515,1,44,"NSW","Remote","6:00 PM - 12:00 AM",0,1,0,2,91,3,3,5,4,9,0,0,99,99
8111,21,3298,2709,589,0,71,"NSW","Remote","6:00 PM - 12:00 AM",1,0,0,3,19,4,2,3,6,9,1,0,99,99
7833,20,1303,1303,0,1,48,"NSW","Urban","6:00 PM - 12:00 AM",1,1,1,3,107,2,3,6,5,11,0,0,99,99
1320,4,2926,1708,1218,1,48,"VIC","Regional","6:00 AM - 12:00 PM",1,0,0,2,144,2,3,10,9,19,1,1,5,0
2228,6,1126,0,1126,1,76,"NSW","Urban","6:00 PM - 12:00 AM",1,1,0,1,87,1,4,10,10,20,0,0,99,99
9921,25,3504,2019,1485,1,74,"SA","Urban","12:00 PM - 6:00 PM",0,0,0,1,127,3,3,10,10,20,0,0,99,99
7770,20,2055,996,1059,0,22,"VIC","Urban","6:00 PM - 12:00 AM",1,1,0,3,120,1,2,9,10,19,0,0,99,99
3905,10,2649,1696,953,1,55,"QLD","Urban","6:00 PM - 12:00 AM",1,1,0,3,123,2,3,10,9,19,1,0,99,99
8873,23,2872,1482,1390,1,61,"NSW","Regional","6:00 AM - 12:00 PM",0,1,0,1,135,2,1,3,2,5,1,0,99,99
4624,12,650,0,650,0,33,"VIC","Urban","6:00 AM - 12:00 PM",1,0,0,1,131,1,3,5,3,8,1,0,99,99
8495,22,871,0,871,0,30,"NSW","Urban","6:00 PM - 12:00 AM",1,1,1,2,144,1,1,5,6,11,0,0,99,99
2398,6,1045,0,1045,1,29,"WA","Urban","6:00 AM - 12:00 PM",0,1,1,3,80,3,3,10,9,19,0,0,99,99
2157,6,1096,0,1096,1,66,"VIC","Urban","6:00 PM - 12:00 AM",1,1,0,2,101,3,3,10,8,18,1,0,99,99
9288,24,919,0,919,0,77,"TAS","Urban","6:00 AM - 12:00 PM",1,0,0,1,89,1,4,6,6,12,0,0,99,99
9841,25,264,0,264,1,49,"NSW","Urban","12:00 PM - 6:00 PM",0,1,0,3,78,1,4,9,10,19,1,0,99,99
1585,4,3500,1654,1846,1,47,"NSW","Urban","6:00 AM - 12:00 PM",0,0,0,2,126,3,3,9,9,18,0,1,4,0
3526,9,2675,1706,969,1,27,"NSW","Remote","6:00 AM - 12:00 PM",1,0,1,2,170,1,3,8,10,18,1,0,99,99
5629,15,2467,1952,515,1,-99,"VIC","Urban","6:00 PM - 12:00 AM",0,1,0,2,157,1,3,5,2,7,0,1,5,1
326,1,990,0,990,0,44,"QLD","Remote","6:00 PM - 12:00 AM",1,1,0,3,12,1,3,3,2,5,0,0,99,99
2707,7,2580,1965,615,1,77,"NSW","Regional","12:00 PM - 6:00 PM",0,0,0,1,68,4,3,7,10,17,0,0,99,99
2757,7,1878,976,902,0,39,"NSW","Urban","6:00 PM - 12:00 AM",0,1,1,3,41,3,4,10,5,15,0,0,99,99
9123,23,1851,1620,231,1,56,"NSW","Regional","12:00 AM - 6:00 AM",1,0,0,3,15,1,2,4,3,7,0,0,99,99
874,3,1835,1656,179,0,39,"NSW","Urban","6:00 PM - 12:00 AM",1,1,0,3,180,2,1,1,0,1,0,0,99,99
3860,10,1702,0,1702,1,53,"QLD","Urban","6:00 AM - 12:00 PM",0,1,1,3,116,1,2,5,0,5,0,0,99,99
2950,8,2040,1995,45,1,39,"NSW","Remote","6:00 AM - 12:00 PM",0,0,1,3,70,1,2,6,6,12,1,0,99,99
4699,12,574,0,574,1,38,"NSW","Remote","6:00 AM - 12:00 PM",1,1,1,2,82,2,2,5,5,10,1,0,99,99
8274,21,2820,1955,865,1,54,"VIC","Urban","6:00 PM - 12:00 AM",0,1,1,1,55,2,2,3,3,6,0,0,99,99
765,2,3680,2009,1671,1,59,"NSW","Urban","6:00 PM - 12:00 AM",0,0,0,2,54,1,1,10,10,20,0,0,99,99
7070,18,2824,1642,1182,1,71,"NSW","Regional","6:00 PM - 12:00 AM",0,1,1,3,52,2,3,9,9,18,1,0,99,99
7895,20,2368,1877,491,0,56,"VIC","Urban","12:00 PM - 6:00 PM",1,0,1,3,113,2,4,9,8,17,1,0,99,99
8560,22,3091,1732,1359,1,36,"NSW","Urban","6:00 PM - 12:00 AM",1,0,0,2,86,1,2,6,5,11,0,0,99,99
5157,13,2901,1987,914,0,62,"NSW","Regional","6:00 PM - 12:00 AM",1,1,1,3,62,2,3,9,7,16,0,0,99,99
9971,25,1975,1836,139,1,-99,"VIC","Urban","6:00 AM - 12:00 PM",0,1,1,2,109,1,2,10,9,19,1,0,99,99
9867,25,4134,2448,1686,0,50,"NSW","Remote","12:00 AM - 6:00 AM",1,0,0,3,57,1,2,8,10,18,0,0,99,99
502,2,390,0,390,0,24,"NSW","Urban","12:00 PM - 6:00 PM",0,1,0,3,42,1,3,3,0,3,0,0,99,99
3388,9,1689,1689,0,1,39,"NSW","Regional","6:00 AM - 12:00 PM",0,0,0,3,135,1,3,9,10,19,0,0,99,99
1817,5,247,0,247,0,23,"NT","Urban","6:00 PM - 12:00 AM",1,1,0,3,78,1,4,8,10,18,0,0,99,99
9419,24,2233,1806,427,1,45,"NSW","Regional","12:00 AM - 6:00 AM",0,0,0,2,163,2,3,4,4,8,1,0,99,99
7510,19,916,0,916,0,27,"NSW","Regional","6:00 AM - 12:00 PM",0,1,0,1,48,2,2,4,7,11,0,0,99,99
9789,25,2292,1434,858,0,69,"WA","Urban","6:00 AM - 12:00 PM",1,1,0,3,81,1,3,7,10,17,1,0,99,99
9418,24,1710,0,1710,0,18,"NSW","Regional","6:00 AM - 12:00 PM",1,1,1,3,37,1,3,6,7,13,0,0,99,99
1802,5,3762,1865,1897,0,46,"NSW","Urban","12:00 PM - 6:00 PM",0,0,1,1,114,4,3,10,10,20,1,0,99,99
6010,16,466,0,466,1,77,"NSW","Urban","6:00 PM - 12:00 AM",1,0,0,3,117,2,3,10,10,20,0,0,99,99
3833,10,2100,1459,641,0,59,"WA","Urban","12:00 AM - 6:00 AM",0,1,0,1,178,4,3,4,5,9,1,0,99,99
1487,4,3976,2013,1963,0,46,"VIC","Urban","6:00 AM - 12:00 PM",0,0,0,3,102,1,3,10,10,20,0,1,5,0
6108,16,95,0,95,1,49,"VIC","Urban","12:00 PM - 6:00 PM",0,0,0,3,151,2,4,7,5,12,0,0,99,99
3274,9,4215,2510,1705,0,20,"NSW","Urban","6:00 PM - 12:00 AM",0,0,1,2,151,1,3,9,10,19,0,0,99,99
4490,12,269,0,269,1,32,"TAS","Urban","6:00 PM - 12:00 AM",0,0,1,1,77,2,2,10,10,20,0,0,99,99
8122,21,1696,1205,491,0,71,"VIC","Urban","6:00 PM - 12:00 AM",0,0,0,3,110,1,2,6,4,10,0,1,3,0
5424,14,3579,1877,1702,1,68,"SA","Urban","6:00 AM - 12:00 PM",1,0,1,3,56,3,4,7,10,17,0,0,99,99
249,1,3037,1592,1445,0,51,"VIC","Urban","12:00 AM - 6:00 AM",0,0,1,3,132,1,2,10,10,20,1,0,99,99
69,1,214,0,214,1,18,"NT","Regional","12:00 PM - 6:00 PM",1,1,0,3,126,1,2,7,7,14,0,0,99,99
5143,13,1612,0,1612,0,26,"NT","Urban","12:00 AM - 6:00 AM",1,1,0,3,121,1,3,8,8,16,0,0,99,99
228,1,3827,2102,1725,0,53,"QLD","Urban","12:00 AM - 6:00 AM",0,1,0,3,54,4,4,10,9,19,1,0,99,99
288,1,2773,1727,1046,1,59,"QLD","Regional","12:00 AM - 6:00 AM",0,0,0,1,30,2,4,6,9,15,1,0,99,99
1962,5,4349,2397,1952,1,42,"NSW","Regional","6:00 PM - 12:00 AM",0,0,0,3,168,1,3,4,0,4,0,0,99,99
5115,13,879,0,879,0,60,"TAS","Urban","6:00 PM - 12:00 AM",1,0,1,3,134,2,3,8,9,17,0,0,99,99
7983,20,1189,0,1189,1,25,"NSW","Regional","6:00 AM - 12:00 PM",0,1,0,2,167,1,4,0,1,1,1,0,99,99
5438,14,887,0,887,1,73,"NSW","Remote","6:00 AM - 12:00 PM",0,1,1,3,19,1,2,0,0,0,0,0,99,99
6336,16,770,0,770,0,28,"SA","Urban","12:00 AM - 6:00 AM",1,0,0,3,130,3,3,5,4,9,0,0,99,99
2222,6,990,0,990,1,40,"SA","Urban","6:00 PM - 12:00 AM",0,1,0,1,63,1,4,5,3,8,0,0,99,99
65,1,406,0,406,0,23,"NT","Urban","12:00 AM - 6:00 AM",1,1,0,3,102,2,3,8,5,13,0,1,4,0
795,2,214,0,214,1,40,"TAS","Urban","6:00 PM - 12:00 AM",1,1,0,2,48,1,5,4,7,11,0,0,99,99
1354,4,264,0,264,1,21,"NT","Urban","6:00 AM - 12:00 PM",0,1,0,2,30,1,4,5,5,10,0,1,3,0
6524,17,2666,1046,1620,1,54,"QLD","Urban","6:00 PM - 12:00 AM",1,1,0,3,32,2,3,4,0,4,0,0,99,99
1210,4,269,0,269,0,52,"ACT","Remote","6:00 AM - 12:00 PM",1,1,0,1,168,1,4,1,5,6,0,1,1,0
8765,22,2519,1449,1070,0,45,"WA","Urban","12:00 PM - 6:00 PM",0,1,0,2,93,1,3,9,9,18,0,0,99,99
6476,17,3211,2021,1190,0,54,"NSW","Urban","6:00 PM - 12:00 AM",0,0,1,1,164,1,4,5,5,10,0,0,99,99
6094,16,271,0,271,1,24,"NSW","Regional","12:00 AM - 6:00 AM",0,1,0,3,149,2,3,8,7,15,0,0,99,99
8884,23,1640,1516,124,1,20,"TAS","Urban","6:00 PM - 12:00 AM",0,1,0,1,175,3,3,3,5,8,0,0,99,99
7888,20,3551,1660,1891,1,53,"QLD","Urban","6:00 PM - 12:00 AM",1,0,0,3,78,1,4,8,6,14,0,0,99,99
3166,8,2268,2268,0,0,35,"NT","Urban","6:00 PM - 12:00 AM",1,1,0,3,168,3,2,0,1,1,1,0,99,99
8160,21,2324,1386,938,1,45,"WA","Urban","6:00 AM - 12:00 PM",1,0,0,3,153,3,3,5,9,14,0,0,99,99
448,2,3772,2042,1730,1,58,"NT","Urban","6:00 PM - 12:00 AM",0,0,0,3,24,1,2,2,6,8,0,0,99,99
3454,9,2874,1262,1612,0,63,"NSW","Remote","6:00 AM - 12:00 PM",0,0,0,1,114,2,2,10,10,20,1,0,99,99
2048,6,1413,1325,88,0,61,"VIC","Urban","6:00 AM - 12:00 PM",0,1,0,3,27,2,2,0,0,0,0,0,99,99
2440,7,3200,2074,1126,0,19,"WA","Urban","6:00 AM - 12:00 PM",1,1,0,1,83,1,3,5,3,8,0,0,99,99
9111,23,925,0,925,0,-99,"NT","Urban","6:00 PM - 12:00 AM",1,0,1,3,74,2,3,8,7,15,1,0,99,99
6014,16,1202,0,1202,1,53,"NSW","Regional","12:00 AM - 6:00 AM",0,1,0,3,85,1,4,6,6,12,0,0,99,99
1048,3,1522,0,1522,1,46,"VIC","Regional","6:00 AM - 12:00 PM",0,1,1,2,144,2,3,4,8,12,0,1,4,0
2473,7,366,0,366,1,23,"QLD","Urban","6:00 AM - 12:00 PM",1,0,0,3,160,1,2,2,0,2,0,0,99,99
7749,20,2818,2120,698,1,47,"SA","Urban","6:00 PM - 12:00 AM",1,0,0,3,98,4,2,6,8,14,0,0,99,99
7547,19,3864,2122,1742,0,29,"TAS","Urban","6:00 PM - 12:00 AM",0,1,1,2,151,1,3,9,9,18,0,0,99,99
3346,9,2830,1698,1132,0,28,"NT","Urban","6:00 PM - 12:00 AM",1,0,0,2,76,2,4,10,6,16,0,0,99,99
9858,25,729,0,729,1,58,"NSW","Remote","12:00 PM - 6:00 PM",1,1,0,3,59,4,3,9,8,17,0,0,99,99
3523,9,2802,1862,940,0,73,"WA","Urban","6:00 PM - 12:00 AM",0,1,1,3,93,1,4,10,10,20,1,0,99,99
5634,15,1987,1730,257,1,42,"NSW","Regional","6:00 PM - 12:00 AM",0,1,0,3,161,1,2,0,0,0,0,1,2,0
6518,17,2359,1255,1104,1,68,"VIC","Urban","12:00 AM - 6:00 AM",1,1,0,3,83,1,3,7,9,16,0,1,1,1
3453,9,1426,0,1426,0,77,"NSW","Urban","6:00 AM - 12:00 PM",0,1,1,3,136,3,4,8,6,14,0,0,99,99
7208,19,857,0,857,1,38,"NSW","Urban","6:00 PM - 12:00 AM",1,0,1,2,112,1,3,6,1,7,0,0,99,99
8277,21,555,0,555,0,71,"NSW","Urban","6:00 PM - 12:00 AM",0,1,1,3,150,1,3,6,7,13,1,0,99,99
5464,14,2018,1473,545,0,39,"NSW","Remote","6:00 AM - 12:00 PM",1,1,0,2,46,1,2,9,10,19,0,0,99,99
6554,17,2356,1701,655,0,45,"VIC","Urban","6:00 PM - 12:00 AM",1,1,0,3,39,2,4,4,7,11,1,0,99,99
6358,16,2132,1409,723,1,68,"SA","Urban","6:00 PM - 12:00 AM",0,1,0,3,33,2,2,4,1,5,1,0,99,99
2117,6,1357,0,1357,1,20,"NSW","Urban","6:00 PM - 12:00 AM",0,1,1,3,178,1,3,0,0,0,1,0,99,99
3807,10,3284,2335,949,1,22,"VIC","Urban","6:00 AM - 12:00 PM",1,0,0,3,80,2,5,9,10,19,0,0,99,99
2723,7,1197,0,1197,0,36,"NSW","Regional","6:00 PM - 12:00 AM",0,1,0,2,139,3,2,6,3,9,0,0,99,99
3743,10,2666,1578,1088,1,53,"VIC","Urban","6:00 AM - 12:00 PM",0,1,1,3,59,1,3,7,3,10,0,0,99,99
1295,4,3517,1883,1634,1,47,"SA","Urban","6:00 AM - 12:00 PM",1,0,1,2,72,4,4,6,4,10,0,0,99,99
9057,23,2949,1842,1107,0,36,"NT","Urban","12:00 AM - 6:00 AM",1,1,1,1,105,3,3,10,10,20,0,0,99,99
5761,15,2526,1888,638,1,31,"NSW","Urban","6:00 AM - 12:00 PM",0,1,0,3,70,2,4,6,6,12,0,0,99,99
1609,5,230,0,230,0,46,"NSW","Regional","6:00 AM - 12:00 PM",1,1,0,3,36,1,2,7,3,10,0,0,99,99
3403,9,1028,0,1028,1,24,"NSW","Urban","6:00 AM - 12:00 PM",0,1,1,2,16,1,1,1,2,3,0,0,99,99
1113,3,2419,1238,1181,0,54,"WA","Regional","12:00 PM - 6:00 PM",1,1,0,3,72,1,2,9,8,17,0,0,99,99
1578,4,210,0,210,1,47,"VIC","Urban","6:00 AM - 12:00 PM",1,0,0,3,168,1,2,3,0,3,0,0,99,99
920,3,2744,1376,1368,1,57,"VIC","Urban","6:00 AM - 12:00 PM",0,1,0,3,168,3,3,6,5,11,0,1,4,0
2656,7,1350,0,1350,1,18,"NSW","Urban","12:00 AM - 6:00 AM",0,0,0,3,84,1,3,10,10,20,1,0,99,99
4015,11,2490,1637,853,1,44,"TAS","Urban","6:00 AM - 12:00 PM",0,0,0,3,13,2,4,0,2,2,0,0,99,99
1222,4,3969,2057,1912,0,49,"NSW","Urban","6:00 AM - 12:00 PM",1,0,0,2,102,3,2,6,8,14,1,0,99,99
3921,10,3470,1972,1498,1,78,"NSW","Regional","6:00 AM - 12:00 PM",1,1,0,3,159,2,4,9,10,19,0,1,2,0
5830,15,3843,2511,1332,1,20,"VIC","Urban","6:00 AM - 12:00 PM",0,0,0,2,110,2,2,8,9,17,1,0,99,99
7086,18,853,0,853,1,74,"NSW","Urban","12:00 AM - 6:00 AM",0,1,0,3,82,2,2,9,10,19,0,1,1,0
7923,20,1816,1570,246,1,71,"NSW","Remote","6:00 PM - 12:00 AM",0,1,0,3,26,2,3,0,0,0,0,0,99,99
6450,17,1398,0,1398,0,59,"NSW","Remote","6:00 PM - 12:00 AM",1,1,0,2,35,4,1,3,4,7,1,0,99,99
1275,4,1515,1326,189,1,35,"SA","Urban","6:00 AM - 12:00 PM",0,1,1,3,126,1,2,8,3,11,0,0,99,99
9211,24,3115,1778,1337,0,56,"VIC","Urban","12:00 PM - 6:00 PM",1,1,0,3,159,1,4,8,7,15,0,0,99,99
4556,12,525,0,525,1,38,"NSW","Urban","6:00 PM - 12:00 AM",1,1,1,3,109,2,2,7,8,15,1,1,1,0
7693,20,1938,0,1938,1,23,"SA","Urban","6:00 PM - 12:00 AM",1,1,0,1,153,1,3,4,3,7,0,0,99,99
23,1,3153,1905,1248,1,59,"NSW","Urban","12:00 AM - 6:00 AM",0,0,1,1,174,3,3,3,3,6,0,0,99,99
6705,17,3860,2612,1248,1,57,"QLD","Urban","6:00 AM - 12:00 PM",0,0,1,3,180,1,1,0,7,7,1,0,99,99
5073,13,3504,2021,1483,1,38,"QLD","Urban","12:00 AM - 6:00 AM",0,0,1,2,179,3,3,4,5,9,0,0,99,99
6003,16,2048,1786,262,0,60,"SA","Urban","12:00 AM - 6:00 AM",1,1,0,2,156,1,2,3,3,6,0,0,99,99
6058,16,1080,0,1080,1,74,"NSW","Remote","6:00 PM - 12:00 AM",1,0,0,3,173,1,4,4,4,8,0,0,99,99
522,2,3113,1708,1405,1,48,"QLD","Urban","6:00 PM - 12:00 AM",1,0,0,3,60,2,3,3,2,5,0,0,99,99
4238,11,4323,1673,2650,0,67,"NSW","Regional","6:00 AM - 12:00 PM",1,1,0,3,57,2,2,8,6,14,0,0,99,99
3734,10,1359,0,1359,0,46,"NSW","Regional","6:00 AM - 12:00 PM",1,0,1,3,82,2,2,9,10,19,1,1,3,1
2351,6,973,0,973,0,71,"NT","Urban","6:00 AM - 12:00 PM",0,1,1,3,99,1,2,9,7,16,0,0,99,99
973,3,1415,1165,250,1,43,"WA","Regional","6:00 AM - 12:00 PM",1,1,1,2,54,2,2,9,10,19,1,0,99,99
1296,4,691,0,691,0,24,"NSW","Urban","6:00 AM - 12:00 PM",0,1,0,2,72,1,1,7,6,13,1,0,99,99
5189,13,3646,2325,1321,0,33,"NSW","Regional","6:00 PM - 12:00 AM",0,1,0,3,41,2,4,6,6,12,0,0,99,99
9294,24,2700,2091,609,0,42,"NSW","Regional","12:00 AM - 6:00 AM",0,0,0,3,72,2,3,7,6,13,0,0,99,99
3892,10,2700,2297,403,0,-99,"NSW","Regional","12:00 PM - 6:00 PM",0,0,0,3,169,1,2,4,7,11,1,0,99,99
1985,5,1048,0,1048,0,39,"NSW","Urban","6:00 PM - 12:00 AM",1,1,1,3,48,2,2,4,4,8,0,0,99,99
7438,19,556,0,556,0,51,"NSW","Urban","12:00 AM - 6:00 AM",1,0,0,3,131,4,3,8,8,16,1,0,99,99
4092,11,1527,1527,0,99,-99,"VIC","Urban","6:00 AM - 12:00 PM",0,0,0,3,22,1,4,0,0,0,0,0,99,99
9576,24,265,0,265,0,67,"VIC","Urban","6:00 AM - 12:00 PM",0,1,0,3,17,1,3,3,0,3,1,1,1,0
5479,14,3654,2075,1579,1,48,"VIC","Urban","6:00 PM - 12:00 AM",0,1,0,2,153,1,2,7,7,14,1,0,99,99
5208,14,3061,1558,1503,0,77,"WA","Urban","6:00 PM - 12:00 AM",0,0,0,1,170,2,3,3,2,5,0,0,99,99
637,2,3261,1706,1555,0,47,"QLD","Remote","6:00 PM - 12:00 AM",0,0,0,3,66,2,4,10,10,20,1,0,99,99
8352,21,1782,0,1782,0,50,"NSW","Regional","6:00 PM - 12:00 AM",0,1,0,3,60,3,3,6,6,12,1,0,99,99
6456,17,1757,1737,20,0,59,"NSW","Regional","12:00 AM - 6:00 AM",0,1,1,3,21,4,2,0,1,1,0,0,99,99
7602,20,2944,2193,751,1,59,"VIC","Urban","6:00 AM - 12:00 PM",1,1,0,2,113,1,3,10,9,19,0,1,2,0
7984,20,2764,2188,576,1,73,"VIC","Urban","12:00 AM - 6:00 AM",0,1,0,3,70,2,3,6,7,13,0,0,99,99
8324,21,990,990,0,1,22,"WA","Urban","12:00 PM - 6:00 PM",1,1,0,2,86,2,3,10,10,20,0,0,99,99
244,1,1562,1383,179,0,28,"NSW","Urban","12:00 AM - 6:00 AM",1,0,0,3,54,2,2,2,2,4,0,0,99,99
8444,22,2377,1904,473,1,58,"VIC","Urban","6:00 PM - 12:00 AM",0,1,0,3,27,1,3,4,5,9,1,0,99,99
4108,11,1734,1734,0,1,56,"TAS","Urban","6:00 AM - 12:00 PM",0,1,0,1,142,4,3,7,7,14,0,0,99,99
8695,22,3189,1801,1388,0,47,"NSW","Regional","6:00 PM - 12:00 AM",0,1,1,3,128,1,4,9,8,17,0,1,3,0
7247,19,550,0,550,1,28,"VIC","Urban","6:00 PM - 12:00 AM",1,0,0,2,146,4,3,7,6,13,0,1,3,1
3580,9,3063,2056,1007,1,74,"SA","Urban","6:00 AM - 12:00 PM",1,1,0,3,156,1,3,8,8,16,1,0,99,99
3775,10,321,0,321,0,21,"VIC","Urban","6:00 AM - 12:00 PM",0,0,1,3,111,3,2,6,5,11,0,0,99,99
2326,6,1833,0,1833,1,28,"NSW","Regional","12:00 AM - 6:00 AM",1,0,0,1,102,2,4,9,7,16,0,0,99,99
2921,8,1526,1526,0,0,50,"WA","Urban","12:00 AM - 6:00 AM",0,1,1,1,56,3,3,8,9,17,0,0,99,99
4989,13,845,0,845,0,41,"WA","Urban","6:00 PM - 12:00 AM",0,1,0,1,86,1,3,9,8,17,1,0,99,99
9158,23,1202,0,1202,0,-99,"NT","Urban","6:00 PM - 12:00 AM",0,1,0,1,96,2,4,9,7,16,0,0,99,99
321,1,1935,1650,285,0,37,"QLD","Urban","6:00 PM - 12:00 AM",1,1,1,3,72,1,2,4,1,5,0,0,99,99
243,1,4030,1844,2186,0,50,"VIC","Urban","12:00 AM - 6:00 AM",0,0,0,3,12,3,4,3,3,6,0,0,99,99
113,1,360,0,360,0,30,"SA","Regional","12:00 PM - 6:00 PM",1,1,0,3,96,1,1,8,10,18,1,1,5,0
7169,18,2801,1466,1335,0,48,"NSW","Regional","12:00 AM - 6:00 AM",1,1,1,1,53,1,3,7,9,16,0,0,99,99
4347,11,1586,1586,0,1,35,"SA","Urban","6:00 AM - 12:00 PM",1,1,0,3,123,1,2,6,6,12,0,1,5,0
961,3,1516,1206,310,1,42,"VIC","Regional","6:00 AM - 12:00 PM",1,1,0,3,138,2,2,9,8,17,0,0,99,99
7185,18,2382,934,1448,1,72,"VIC","Urban","12:00 AM - 6:00 AM",1,0,0,3,123,3,3,6,7,13,0,0,99,99
9804,25,2539,1477,1062,0,30,"NSW","Remote","6:00 PM - 12:00 AM",0,1,1,3,146,1,2,7,7,14,1,0,99,99
7936,20,1692,1481,211,0,70,"NSW","Regional","6:00 AM - 12:00 PM",1,1,1,3,19,2,3,4,7,11,0,0,99,99
181,1,3958,2064,1894,1,57,"ACT","Regional","12:00 AM - 6:00 AM",0,0,1,3,36,1,1,2,3,5,0,0,99,99
1338,4,132,0,132,0,24,"NSW","Regional","6:00 AM - 12:00 PM",0,1,1,3,24,1,4,4,7,11,1,0,99,99
3412,9,3479,2250,1229,0,42,"TAS","Urban","6:00 PM - 12:00 AM",1,1,0,2,30,2,3,2,3,5,0,1,2,1
9801,25,1392,0,1392,1,18,"VIC","Urban","6:00 AM - 12:00 PM",1,0,0,1,76,1,1,9,9,18,0,0,99,99
8834,23,2228,1990,238,1,56,"NSW","Regional","6:00 AM - 12:00 PM",1,1,0,2,120,1,3,6,9,15,0,0,99,99
7961,20,2833,1837,996,1,34,"VIC","Urban","6:00 PM - 12:00 AM",0,0,1,1,133,1,4,7,6,13,1,0,99,99
1292,4,4068,2311,1757,0,46,"NSW","Urban","6:00 AM - 12:00 PM",0,0,0,3,54,2,3,4,3,7,0,1,2,1
7325,19,3832,2298,1534,0,77,"NSW","Urban","6:00 PM - 12:00 AM",0,1,0,3,73,1,2,6,4,10,1,0,99,99
2064,6,1754,1306,448,1,32,"WA","Urban","6:00 PM - 12:00 AM",0,1,0,2,147,4,3,6,6,12,0,0,99,99
5187,13,4299,2087,2212,0,72,"WA","Urban","6:00 AM - 12:00 PM",0,0,0,2,71,4,4,10,10,20,0,0,99,99
4865,13,3007,1658,1349,1,34,"NSW","Regional","12:00 AM - 6:00 AM",0,1,0,3,171,1,4,0,0,0,0,0,99,99
9994,25,3498,2237,1261,99,-99,"QLD","Urban","6:00 PM - 12:00 AM",1,1,0,3,107,1,3,10,10,20,1,0,99,99
9082,23,481,0,481,99,33,"WA","Urban","6:00 AM - 12:00 PM",1,1,0,1,99,3,4,8,10,18,0,0,99,99
3337,9,464,0,464,1,61,"NT","Urban","6:00 AM - 12:00 PM",1,1,1,2,46,2,3,10,7,17,0,0,99,99
2397,6,1274,0,1274,1,25,"TAS","Urban","6:00 AM - 12:00 PM",0,0,0,3,100,3,4,10,9,19,0,1,5,0
3267,9,534,0,534,1,56,"NT","Urban","6:00 PM - 12:00 AM",0,0,1,3,158,1,3,9,10,19,0,0,99,99
927,3,1390,0,1390,0,44,"SA","Urban","6:00 AM - 12:00 PM",1,1,0,3,96,2,4,9,10,19,0,0,99,99
6630,17,971,0,971,0,57,"QLD","Urban","12:00 PM - 6:00 PM",0,1,1,3,135,1,1,6,9,15,0,0,99,99
4981,13,2800,2121,679,99,55,"VIC","Urban","6:00 AM - 12:00 PM",1,1,0,3,19,2,2,3,3,6,0,1,4,0
37,1,3373,1260,2113,1,57,"VIC","Urban","12:00 AM - 6:00 AM",1,0,1,2,126,3,4,9,10,19,1,0,99,99
7807,20,2715,1847,868,1,24,"WA","Urban","6:00 AM - 12:00 PM",0,1,1,3,64,3,3,10,9,19,1,0,99,99
8771,22,3348,1388,1960,0,46,"VIC","Urban","6:00 PM - 12:00 AM",1,1,0,1,178,2,2,4,3,7,1,0,99,99
6212,16,821,0,821,99,52,"NT","Urban","6:00 PM - 12:00 AM",0,1,1,3,112,2,4,10,10,20,1,0,99,99
6778,17,3086,2131,955,0,63,"SA","Urban","12:00 PM - 6:00 PM",1,0,1,3,77,1,3,7,5,12,0,0,99,99
485,2,352,0,352,1,24,"QLD","Urban","6:00 PM - 12:00 AM",0,1,1,3,48,1,4,7,6,13,0,0,99,99
8199,21,3594,2273,1321,1,-99,"NSW","Remote","6:00 AM - 12:00 PM",0,1,0,3,97,1,2,10,10,20,0,0,99,99
4802,13,2816,1789,1027,1,49,"VIC","Urban","6:00 AM - 12:00 PM",1,0,0,2,156,1,3,4,6,10,0,1,5,0
3171,8,2591,2033,558,0,57,"VIC","Urban","6:00 PM - 12:00 AM",0,1,0,2,105,1,3,7,8,15,0,0,99,99
8518,22,3350,2150,1200,0,32,"NSW","Regional","6:00 AM - 12:00 PM",1,0,0,3,24,3,3,0,0,0,0,0,99,99
4589,12,831,0,831,0,76,"NSW","Regional","6:00 AM - 12:00 PM",1,1,1,2,76,1,4,10,9,19,0,0,99,99
7814,20,2461,2461,0,1,53,"NSW","Regional","6:00 PM - 12:00 AM",0,1,1,1,84,1,5,10,10,20,1,0,99,99
4231,11,3058,2455,603,1,71,"TAS","Urban","6:00 PM - 12:00 AM",1,1,0,3,151,1,3,5,7,12,1,0,99,99
9733,25,1938,0,1938,0,35,"WA","Urban","12:00 AM - 6:00 AM",1,1,0,3,101,3,3,10,9,19,1,0,99,99
2198,6,2756,2171,585,1,46,"TAS","Urban","6:00 AM - 12:00 PM",1,1,0,2,36,3,2,8,7,15,0,0,99,99
3379,9,2107,1755,352,0,48,"NSW","Remote","6:00 AM - 12:00 PM",0,0,1,3,58,1,4,8,10,18,0,0,99,99
3405,9,2201,1178,1023,0,38,"VIC","Urban","6:00 AM - 12:00 PM",1,1,0,1,67,1,2,5,6,11,0,0,99,99
5047,13,445,0,445,1,42,"VIC","Urban","6:00 AM - 12:00 PM",1,0,0,3,91,2,4,7,7,14,0,0,99,99
6627,17,2445,2248,197,1,38,"NSW","Regional","6:00 AM - 12:00 PM",1,0,0,1,83,2,2,10,9,19,0,1,3,0
2129,6,543,0,543,0,41,"TAS","Urban","12:00 AM - 6:00 AM",1,1,1,1,22,3,1,0,3,3,1,0,99,99
8711,22,2656,1540,1116,0,56,"TAS","Urban","6:00 PM - 12:00 AM",0,1,0,3,148,1,2,4,4,8,0,0,99,99
1002,3,965,0,965,0,39,"WA","Urban","12:00 PM - 6:00 PM",0,1,0,3,24,1,3,0,1,1,0,1,1,0
7852,20,3993,2049,1944,1,71,"WA","Urban","6:00 PM - 12:00 AM",1,0,0,3,45,2,3,4,6,10,0,1,4,1
5948,15,2910,2406,504,0,48,"TAS","Urban","6:00 PM - 12:00 AM",1,1,1,2,126,1,1,10,7,17,0,0,99,99
3194,8,565,0,565,1,35,"NSW","Remote","6:00 PM - 12:00 AM",1,1,0,2,40,2,3,1,2,3,0,0,99,99
2486,7,3731,2520,1211,0,47,"VIC","Urban","6:00 PM - 12:00 AM",1,1,1,3,27,1,3,3,3,6,0,0,99,99
6653,17,1404,0,1404,1,29,"NSW","Remote","12:00 AM - 6:00 AM",0,1,0,3,112,2,2,7,8,15,1,0,99,99
9795,25,3198,1444,1754,1,55,"NSW","Urban","6:00 AM - 12:00 PM",1,1,1,3,158,1,2,2,3,5,0,0,99,99
3150,8,134,0,134,1,46,"NSW","Urban","6:00 AM - 12:00 PM",0,1,0,2,94,2,3,6,6,12,0,0,99,99
8619,22,2648,2053,595,1,20,"NSW","Urban","6:00 AM - 12:00 PM",1,1,0,3,86,1,3,6,6,12,0,0,99,99
4417,12,478,0,478,1,-99,"NT","Urban","6:00 PM - 12:00 AM",0,1,1,2,173,1,2,4,4,8,1,0,99,99
7063,18,3341,2157,1184,1,78,"NT","Urban","6:00 PM - 12:00 AM",0,0,1,2,94,3,3,10,7,17,0,0,99,99
3901,10,3275,2098,1177,1,24,"NSW","Regional","6:00 PM - 12:00 AM",1,0,0,3,109,1,2,6,7,13,0,0,99,99
5967,15,3128,2127,1001,1,64,"NSW","Urban","6:00 PM - 12:00 AM",1,1,0,3,48,2,4,8,8,16,1,0,99,99
3068,8,3151,1943,1208,1,-99,"NSW","Regional","6:00 PM - 12:00 AM",1,1,1,3,166,1,3,2,7,9,1,0,99,99
5906,15,1529,0,1529,1,52,"NSW","Remote","6:00 AM - 12:00 PM",0,1,1,3,130,1,4,9,7,16,0,1,3,1
5006,13,1648,1540,108,1,26,"QLD","Urban","12:00 PM - 6:00 PM",1,0,1,2,61,2,2,5,7,12,1,0,99,99
8432,22,3856,1889,1967,0,46,"NSW","Remote","6:00 AM - 12:00 PM",0,1,0,3,76,3,4,6,4,10,0,0,99,99
8918,23,2191,1586,605,1,76,"NSW","Remote","12:00 PM - 6:00 PM",0,1,0,3,126,4,2,7,5,12,0,0,99,99
1356,4,212,0,212,0,28,"NSW","Urban","6:00 AM - 12:00 PM",0,1,0,3,168,1,3,2,1,3,0,0,99,99
6609,17,3058,1684,1374,1,46,"NSW","Regional","6:00 PM - 12:00 AM",0,1,0,3,56,1,3,10,10,20,0,0,99,99
3718,10,3257,2438,819,1,71,"VIC","Urban","6:00 PM - 12:00 AM",0,0,0,3,173,1,3,1,4,5,0,0,99,99
1311,4,428,0,428,1,28,"NT","Urban","6:00 AM - 12:00 PM",1,1,0,2,138,1,2,3,5,8,0,0,99,99
4841,13,1325,0,1325,0,26,"NSW","Remote","6:00 AM - 12:00 PM",1,0,0,3,48,2,5,9,8,17,1,0,99,99
4946,13,1130,0,1130,0,48,"VIC","Urban","6:00 PM - 12:00 AM",0,1,1,3,79,1,4,10,9,19,1,0,99,99
7491,19,730,0,730,0,56,"VIC","Urban","6:00 AM - 12:00 PM",0,1,1,3,118,1,2,7,6,13,0,0,99,99
5801,15,2530,2186,344,1,57,"NSW","Regional","6:00 PM - 12:00 AM",0,1,1,3,153,2,4,8,7,15,0,0,99,99
3164,8,3142,1661,1481,1,47,"NSW","Remote","6:00 PM - 12:00 AM",0,1,1,2,55,1,3,4,5,9,1,0,99,99
3787,10,1513,0,1513,1,24,"NSW","Remote","6:00 AM - 12:00 PM",0,0,0,3,167,2,3,4,5,9,0,0,99,99
90,1,396,0,396,1,23,"SA","Urban","12:00 AM - 6:00 AM",0,0,0,3,132,1,4,8,8,16,0,1,5,0
5136,13,18,0,18,1,37,"NSW","Regional","6:00 PM - 12:00 AM",0,0,1,2,64,2,3,10,9,19,1,0,99,99
7782,20,1005,0,1005,1,59,"NSW","Regional","6:00 PM - 12:00 AM",0,0,1,2,148,2,4,10,10,20,0,0,99,99
8580,22,1187,0,1187,1,-99,"TAS","Urban","6:00 AM - 12:00 PM",1,1,0,3,74,4,4,5,4,9,0,1,4,0
5053,13,2657,1840,817,0,74,"WA","Urban","6:00 PM - 12:00 AM",0,0,0,1,32,2,4,3,7,10,1,0,99,99
4766,12,1037,0,1037,0,71,"NSW","Regional","12:00 PM - 6:00 PM",0,1,1,3,61,3,3,6,6,12,0,0,99,99
7224,19,1906,1906,0,0,29,"VIC","Urban","6:00 AM - 12:00 PM",1,1,0,3,104,2,4,10,7,17,1,0,99,99
1813,5,3126,1635,1491,1,48,"NSW","Regional","12:00 PM - 6:00 PM",0,0,0,3,96,2,4,8,4,12,1,0,99,99
5418,14,984,0,984,99,68,"NSW","Regional","6:00 PM - 12:00 AM",1,0,0,1,96,1,3,8,8,16,0,0,99,99
7883,20,1283,0,1283,0,55,"NSW","Remote","6:00 PM - 12:00 AM",1,0,0,3,137,1,4,8,4,12,0,1,2,1
3832,10,1879,0,1879,0,28,"WA","Urban","6:00 AM - 12:00 PM",0,0,0,3,20,1,3,2,5,7,0,0,99,99
6349,16,2231,1834,397,0,-99,"VIC","Urban","6:00 PM - 12:00 AM",0,0,1,3,175,2,5,9,10,19,0,0,99,99
1303,4,1323,1173,150,1,27,"NSW","Urban","6:00 AM - 12:00 PM",0,1,1,2,174,1,1,4,6,10,0,0,99,99
1753,5,4525,2318,2207,0,49,"ACT","Remote","6:00 PM - 12:00 AM",0,0,1,2,174,4,3,7,6,13,0,0,99,99
8943,23,2074,0,2074,0,45,"VIC","Urban","12:00 AM - 6:00 AM",0,1,0,3,155,1,3,4,3,7,0,0,99,99
5512,14,2149,0,2149,0,57,"QLD","Urban","6:00 AM - 12:00 PM",1,1,0,2,15,1,4,0,0,0,1,0,99,99
7596,19,1612,0,1612,1,20,"NSW","Regional","6:00 PM - 12:00 AM",0,1,1,3,166,2,2,10,10,20,0,0,99,99
1232,4,3229,1698,1531,0,49,"NT","Urban","6:00 AM - 12:00 PM",1,0,0,3,48,3,2,2,5,7,0,0,99,99
176,1,243,0,243,0,31,"VIC","Regional","12:00 AM - 6:00 AM",1,1,0,3,78,1,3,10,10,20,0,0,99,99
2255,6,3506,2079,1427,1,52,"WA","Urban","6:00 PM - 12:00 AM",1,1,0,3,130,1,3,8,9,17,0,0,99,99
3261,9,1371,0,1371,1,61,"SA","Urban","12:00 AM - 6:00 AM",0,1,1,3,60,2,3,6,5,11,1,0,99,99
9300,24,1614,0,1614,0,35,"QLD","Urban","6:00 PM - 12:00 AM",1,1,0,3,127,3,4,7,8,15,1,0,99,99
7297,19,2507,1624,883,0,72,"NSW","Regional","6:00 PM - 12:00 AM",1,0,0,3,106,4,3,10,10,20,0,0,99,99
5843,15,797,0,797,1,46,"NSW","Remote","6:00 PM - 12:00 AM",1,0,0,3,150,1,3,6,5,11,0,0,99,99
5210,14,925,0,925,1,27,"NT","Urban","6:00 AM - 12:00 PM",1,0,1,3,153,2,2,1,1,2,1,0,99,99
3883,10,4603,2149,2454,1,19,"VIC","Urban","6:00 AM - 12:00 PM",0,1,0,3,166,2,1,4,4,8,0,0,99,99
999,3,1349,1147,202,0,24,"VIC","Urban","6:00 AM - 12:00 PM",1,1,1,3,174,1,4,2,0,2,0,0,99,99
3063,8,2887,2067,820,1,48,"NSW","Regional","6:00 AM - 12:00 PM",1,1,0,2,34,1,2,1,0,1,0,0,99,99
47,1,1030,0,1030,1,31,"VIC","Urban","12:00 PM - 6:00 PM",1,1,0,2,162,2,2,4,7,11,0,1,3,0
511,2,817,0,817,1,34,"QLD","Urban","6:00 PM - 12:00 AM",0,1,1,3,132,2,4,10,10,20,0,0,99,99
9505,24,2083,1425,658,1,74,"VIC","Urban","6:00 AM - 12:00 PM",1,1,0,2,83,2,2,7,5,12,0,0,99,99
7838,20,2551,1893,658,0,18,"NSW","Urban","6:00 PM - 12:00 AM",0,1,0,3,160,4,5,3,4,7,0,0,99,99
1954,5,1243,0,1243,1,37,"VIC","Regional","6:00 PM - 12:00 AM",1,0,1,2,42,2,3,10,5,15,0,1,5,0
2998,8,421,0,421,0,69,"VIC","Urban","6:00 AM - 12:00 PM",0,1,1,3,85,2,3,8,5,13,1,0,99,99
570,2,4367,2174,2193,1,48,"VIC","Urban","6:00 PM - 12:00 AM",0,0,0,3,30,2,3,6,7,13,0,0,99,99
9132,23,984,0,984,0,53,"VIC","Urban","12:00 PM - 6:00 PM",1,1,1,3,41,2,3,8,6,14,0,0,99,99
4887,13,2428,2145,283,1,72,"QLD","Urban","12:00 AM - 6:00 AM",1,0,0,3,96,2,4,5,6,11,0,0,99,99
9606,25,1625,0,1625,1,62,"VIC","Urban","12:00 PM - 6:00 PM",0,0,0,3,63,3,3,7,5,12,1,0,99,99
1216,4,535,0,535,0,26,"NT","Urban","6:00 AM - 12:00 PM",0,1,0,3,30,2,3,2,2,4,0,0,99,99
7981,20,653,0,653,0,69,"VIC","Urban","6:00 AM - 12:00 PM",1,0,1,1,164,1,3,2,2,4,1,0,99,99
3328,9,499,0,499,1,27,"VIC","Urban","6:00 PM - 12:00 AM",1,0,1,3,56,1,3,9,9,18,1,0,99,99
4578,12,2444,0,2444,99,72,"VIC","Urban","12:00 AM - 6:00 AM",1,0,0,1,28,2,4,1,0,1,0,0,99,99
4445,12,2324,1617,707,1,68,"NT","Urban","12:00 AM - 6:00 AM",0,1,1,3,156,3,3,9,8,17,0,0,99,99
7599,19,2057,986,1071,1,52,"SA","Urban","6:00 AM - 12:00 PM",1,0,0,3,99,1,3,8,8,16,0,0,99,99
5723,15,2126,1012,1114,99,21,"VIC","Urban","6:00 PM - 12:00 AM",1,1,0,3,65,3,3,7,7,14,1,0,99,99
5022,13,397,0,397,1,24,"QLD","Urban","6:00 AM - 12:00 PM",1,0,0,3,139,2,4,9,10,19,0,0,99,99
7110,18,2593,2593,0,0,46,"NT","Urban","12:00 PM - 6:00 PM",0,1,1,3,128,1,4,10,10,20,0,0,99,99
5386,14,616,0,616,0,-99,"NSW","Regional","6:00 PM - 12:00 AM",0,1,1,2,46,2,3,9,10,19,1,0,99,99
1239,4,322,0,322,0,23,"SA","Urban","6:00 AM - 12:00 PM",0,1,0,3,138,1,3,7,6,13,0,1,4,0
8104,21,1533,0,1533,0,23,"NSW","Regional","6:00 AM - 12:00 PM",1,1,1,3,35,2,2,10,10,20,0,0,99,99
1725,5,1134,0,1134,0,41,"VIC","Urban","6:00 PM - 12:00 AM",0,1,1,3,66,1,3,3,3,6,0,0,99,99
2131,6,1651,1651,0,1,36,"QLD","Urban","6:00 PM - 12:00 AM",0,0,0,2,165,2,5,5,4,9,0,0,99,99
8434,22,3413,1502,1911,1,48,"TAS","Urban","6:00 PM - 12:00 AM",0,0,1,3,161,2,2,5,4,9,1,0,99,99
3902,10,3244,1903,1341,0,27,"VIC","Urban","6:00 PM - 12:00 AM",1,1,0,2,76,1,2,10,10,20,1,1,5,0
508,2,1594,1300,294,1,31,"TAS","Urban","6:00 PM - 12:00 AM",0,1,0,1,12,2,4,4,1,5,0,0,99,99
5666,15,2382,1246,1136,1,38,"SA","Urban","6:00 PM - 12:00 AM",1,1,0,3,164,1,2,4,5,9,0,0,99,99
9509,24,3641,2036,1605,1,75,"NSW","Regional","6:00 AM - 12:00 PM",1,1,1,3,27,2,3,0,0,0,0,0,99,99
4228,11,4037,1934,2103,0,39,"NSW","Regional","6:00 AM - 12:00 PM",1,0,0,3,166,2,3,0,2,2,1,1,5,1
2684,7,941,0,941,0,-99,"NSW","Urban","6:00 AM - 12:00 PM",1,1,1,3,153,1,2,5,10,15,1,0,99,99
8624,22,2697,2127,570,0,74,"QLD","Urban","6:00 PM - 12:00 AM",1,1,0,2,31,2,2,8,9,17,1,0,99,99
6368,16,1080,1080,0,0,77,"NSW","Regional","6:00 AM - 12:00 PM",0,0,1,3,98,1,2,7,10,17,0,0,99,99
8414,22,906,0,906,1,67,"NSW","Remote","6:00 PM - 12:00 AM",0,1,0,2,179,2,5,2,2,4,0,0,99,99
4582,12,900,0,900,1,65,"VIC","Urban","6:00 PM - 12:00 AM",1,0,0,3,88,1,2,8,10,18,0,0,99,99
1582,4,200,0,200,0,45,"NSW","Urban","6:00 AM - 12:00 PM",1,0,1,3,156,1,4,4,3,7,0,0,99,99
1911,5,2160,1633,527,1,37,"NSW","Urban","6:00 PM - 12:00 AM",1,1,0,1,114,1,2,8,10,18,1,0,99,99
4837,13,2012,1753,259,0,58,"NSW","Regional","12:00 PM - 6:00 PM",0,1,1,3,104,1,2,6,9,15,0,0,99,99
2826,8,1682,0,1682,1,54,"WA","Urban","6:00 PM - 12:00 AM",0,1,0,3,73,2,4,9,8,17,0,0,99,99
9414,24,794,0,794,0,-99,"NSW","Remote","12:00 AM - 6:00 AM",1,1,0,3,57,1,3,8,8,16,1,0,99,99
48,1,1481,1310,171,1,36,"NSW","Urban","12:00 AM - 6:00 AM",1,1,0,3,18,2,4,1,0,1,0,0,99,99
8661,22,2881,1894,987,0,47,"VIC","Urban","6:00 AM - 12:00 PM",1,1,0,3,115,4,4,6,1,7,0,0,99,99
6576,17,1057,0,1057,1,73,"VIC","Urban","6:00 AM - 12:00 PM",0,1,1,3,139,1,3,8,4,12,0,0,99,99
2371,6,1133,0,1133,1,50,"QLD","Urban","12:00 AM - 6:00 AM",1,0,1,2,174,2,3,0,2,2,0,0,99,99
3253,9,1039,0,1039,0,52,"NT","Urban","6:00 PM - 12:00 AM",0,0,1,3,37,1,2,5,7,12,0,0,99,99
7499,19,1399,0,1399,1,62,"VIC","Urban","6:00 PM - 12:00 AM",0,0,1,2,85,2,4,8,9,17,0,0,99,99
2728,7,1276,1276,0,0,28,"WA","Urban","6:00 PM - 12:00 AM",1,1,0,3,149,1,3,7,5,12,0,0,99,99
9070,23,124,0,124,1,69,"WA","Urban","6:00 AM - 12:00 PM",1,0,1,3,65,3,3,5,8,13,0,0,99,99
7002,18,2388,1350,1038,0,67,"NSW","Regional","6:00 AM - 12:00 PM",1,1,0,1,139,1,4,8,7,15,0,1,0,0
2408,7,2199,1295,904,0,37,"NT","Urban","6:00 PM - 12:00 AM",0,1,1,3,12,4,2,0,0,0,1,0,99,99
2816,8,600,0,600,0,50,"VIC","Urban","6:00 PM - 12:00 AM",0,1,0,3,41,1,4,7,10,17,0,0,99,99
3637,10,631,0,631,1,33,"QLD","Urban","12:00 AM - 6:00 AM",0,1,0,3,159,1,3,1,3,4,0,0,99,99
9173,23,2295,1186,1109,1,37,"VIC","Urban","6:00 AM - 12:00 PM",0,1,1,3,65,2,3,9,5,14,1,0,99,99
1029,3,776,0,776,0,34,"VIC","Remote","6:00 AM - 12:00 PM",1,1,0,2,72,1,3,7,6,13,0,0,99,99
7742,20,1513,0,1513,0,55,"SA","Urban","6:00 AM - 12:00 PM",0,1,1,3,40,1,3,3,5,8,0,0,99,99
7669,20,1481,0,1481,1,26,"VIC","Urban","6:00 PM - 12:00 AM",0,1,0,3,25,3,2,0,1,1,0,0,99,99
156,1,4443,2128,2315,1,42,"TAS","Regional","12:00 AM - 6:00 AM",0,0,0,1,156,2,2,10,8,18,0,0,99,99
6514,17,2413,1598,815,0,21,"VIC","Urban","6:00 AM - 12:00 PM",1,0,1,3,23,1,3,4,4,8,0,1,4,1
417,2,1937,1595,342,1,42,"VIC","Urban","6:00 PM - 12:00 AM",0,1,0,2,162,2,3,3,7,10,0,0,99,99
4976,13,867,0,867,1,59,"NSW","Regional","6:00 PM - 12:00 AM",0,1,1,2,75,1,2,7,7,14,0,0,99,99
1401,4,373,0,373,1,24,"TAS","Urban","6:00 AM - 12:00 PM",0,0,0,3,120,1,3,7,7,14,0,0,99,99
282,1,3499,1921,1578,0,45,"NT","Urban","12:00 AM - 6:00 AM",0,1,0,2,66,3,3,6,5,11,1,0,99,99
6654,17,2045,0,2045,99,42,"NSW","Regional","6:00 PM - 12:00 AM",0,1,0,2,134,1,5,10,10,20,1,0,99,99
6647,17,1495,1495,0,0,29,"NSW","Remote","6:00 PM - 12:00 AM",1,0,1,2,179,1,5,3,3,6,0,1,4,1
7535,19,957,0,957,1,58,"NSW","Regional","6:00 PM - 12:00 AM",0,0,0,3,134,2,4,7,10,17,0,0,99,99
3850,10,299,0,299,1,41,"VIC","Urban","6:00 PM - 12:00 AM",0,1,1,2,128,2,4,7,3,10,0,0,99,99
1267,4,284,0,284,0,22,"SA","Regional","6:00 AM - 12:00 PM",0,1,0,3,168,2,2,4,5,9,0,1,2,1
8607,22,3174,1946,1228,0,-99,"NSW","Regional","6:00 PM - 12:00 AM",0,1,0,3,34,1,3,0,0,0,0,0,99,99
8016,21,2808,1966,842,1,-99,"VIC","Urban","6:00 PM - 12:00 AM",1,1,0,1,141,1,1,8,4,12,0,0,99,99
1566,4,3982,2027,1955,0,58,"NSW","Regional","6:00 AM - 12:00 PM",0,0,0,2,12,1,3,2,0,2,0,0,99,99
2888,8,1189,0,1189,1,67,"NT","Urban","12:00 AM - 6:00 AM",1,0,0,1,71,1,3,8,7,15,0,0,99,99
30,1,1404,1175,229,1,35,"SA","Urban","12:00 AM - 6:00 AM",1,1,0,3,102,2,2,6,10,16,1,0,99,99
7452,19,2844,2335,509,0,53,"WA","Urban","6:00 PM - 12:00 AM",0,1,1,3,144,2,3,8,10,18,0,1,1,0
2437,7,3745,2749,996,0,65,"NSW","Regional","6:00 PM - 12:00 AM",0,0,0,3,49,1,4,9,10,19,0,0,99,99
6051,16,1308,0,1308,0,37,"VIC","Urban","6:00 PM - 12:00 AM",0,1,0,3,64,2,4,5,7,12,1,0,99,99
8959,23,672,0,672,0,63,"SA","Urban","12:00 AM - 6:00 AM",1,1,1,3,58,1,3,8,5,13,1,0,99,99
6237,16,961,0,961,1,26,"NSW","Regional","6:00 AM - 12:00 PM",0,1,0,3,66,1,4,7,4,11,1,0,99,99
121,1,1345,0,1345,0,39,"VIC","Urban","12:00 AM - 6:00 AM",0,0,0,2,72,1,3,9,9,18,1,0,99,99
2218,6,2425,1331,1094,1,20,"TAS","Urban","12:00 AM - 6:00 AM",0,0,1,1,115,4,3,10,9,19,0,0,99,99
2501,7,1685,1685,0,0,52,"SA","Urban","6:00 AM - 12:00 PM",0,1,1,3,48,2,3,3,2,5,0,0,99,99
6766,17,1841,1688,153,0,73,"QLD","Urban","6:00 PM - 12:00 AM",0,1,0,1,58,1,2,5,5,10,0,0,99,99
3574,9,2286,1359,927,0,45,"NSW","Urban","6:00 PM - 12:00 AM",0,1,1,1,176,2,2,0,0,0,0,0,99,99
5538,14,2865,2249,616,1,69,"NSW","Regional","6:00 AM - 12:00 PM",0,0,0,3,159,1,3,4,3,7,0,0,99,99
3222,9,1265,0,1265,0,42,"NSW","Urban","12:00 PM - 6:00 PM",1,0,1,3,107,2,3,10,10,20,0,0,99,99
407,2,793,0,793,0,36,"NSW","Urban","6:00 PM - 12:00 AM",1,1,1,3,114,1,2,8,8,16,1,0,99,99
5138,13,3004,1977,1027,0,56,"TAS","Urban","6:00 AM - 12:00 PM",1,1,0,3,170,4,3,3,0,3,1,0,99,99
3564,9,3376,1820,1556,1,51,"NSW","Urban","6:00 PM - 12:00 AM",0,0,0,2,104,3,4,10,10,20,0,0,99,99
7573,19,2883,1377,1506,1,30,"NSW","Remote","6:00 AM - 12:00 PM",1,1,0,3,101,2,2,7,7,14,0,0,99,99
9651,25,895,0,895,0,69,"VIC","Urban","6:00 PM - 12:00 AM",1,1,0,3,74,2,3,5,2,7,0,0,99,99
2008,6,1504,1504,0,0,54,"TAS","Urban","6:00 AM - 12:00 PM",0,1,1,3,51,2,2,9,5,14,0,0,99,99
1794,5,3481,1837,1644,1,56,"TAS","Regional","6:00 PM - 12:00 AM",1,0,0,3,108,1,3,8,9,17,0,0,99,99
88,1,162,0,162,1,23,"NSW","Regional","12:00 AM - 6:00 AM",1,0,1,3,102,1,2,8,6,14,1,0,99,99
5783,15,864,0,864,1,66,"NSW","Remote","6:00 PM - 12:00 AM",1,0,1,1,53,1,2,4,1,5,1,0,99,99
7034,18,2824,1805,1019,1,42,"VIC","Urban","6:00 AM - 12:00 PM",1,0,1,2,101,2,3,10,10,20,0,0,99,99
905,3,2415,2013,402,1,57,"TAS","Regional","6:00 AM - 12:00 PM",0,0,1,3,150,2,4,10,10,20,1,0,99,99
3688,10,3884,2110,1774,1,26,"VIC","Urban","12:00 PM - 6:00 PM",0,1,1,2,18,2,1,5,4,9,1,0,99,99
7114,18,1171,0,1171,1,37,"QLD","Urban","6:00 PM - 12:00 AM",0,1,0,1,29,2,2,3,2,5,0,0,99,99
6475,17,241,0,241,0,19,"NSW","Regional","6:00 AM - 12:00 PM",0,1,0,1,149,4,5,8,6,14,1,0,99,99
5599,14,634,0,634,1,50,"NSW","Regional","6:00 PM - 12:00 AM",0,0,0,3,36,2,3,3,3,6,0,0,99,99
9453,24,3051,1825,1226,1,40,"NSW","Regional","6:00 AM - 12:00 PM",1,0,0,3,66,2,3,6,3,9,0,0,99,99
2219,6,3328,1817,1511,1,71,"VIC","Urban","6:00 PM - 12:00 AM",1,1,1,3,83,1,3,10,7,17,1,0,99,99
5191,13,1765,0,1765,1,35,"NT","Urban","6:00 AM - 12:00 PM",1,1,1,1,83,1,3,10,10,20,0,0,99,99
7705,20,565,0,565,1,44,"WA","Urban","12:00 AM - 6:00 AM",0,0,0,3,16,1,4,3,2,5,0,0,99,99
7472,19,1150,0,1150,1,28,"NSW","Regional","12:00 AM - 6:00 AM",0,1,0,1,81,1,3,8,8,16,0,0,99,99
1535,4,4305,2300,2005,0,58,"QLD","Remote","12:00 PM - 6:00 PM",0,0,0,3,90,2,3,5,8,13,0,0,99,99
9190,23,2639,1636,1003,0,56,"QLD","Urban","6:00 PM - 12:00 AM",0,1,1,3,33,1,2,4,4,8,0,1,5,1
4288,11,1955,1649,306,0,35,"NSW","Urban","6:00 AM - 12:00 PM",0,0,1,3,83,2,3,10,9,19,1,0,99,99
1192,3,436,0,436,1,24,"NSW","Regional","6:00 AM - 12:00 PM",1,1,0,3,150,1,3,3,0,3,0,1,1,1
6041,16,3670,1922,1748,1,54,"WA","Urban","6:00 PM - 12:00 AM",0,0,1,1,84,2,3,10,8,18,0,0,99,99
5239,14,4,0,4,0,18,"QLD","Urban","6:00 AM - 12:00 PM",1,1,1,2,111,1,2,7,10,17,0,0,99,99
8592,22,3861,1931,1930,1,75,"NSW","Remote","6:00 PM - 12:00 AM",1,1,0,3,52,1,4,8,8,16,0,0,99,99
7828,20,2957,1533,1424,1,20,"WA","Urban","6:00 PM - 12:00 AM",0,1,0,1,122,1,4,10,8,18,1,0,99,99
6480,17,2297,2020,277,0,34,"NT","Urban","6:00 AM - 12:00 PM",1,1,1,3,61,2,2,7,6,13,0,1,2,1
5982,15,1856,1314,542,0,70,"NSW","Urban","6:00 PM - 12:00 AM",0,1,0,3,157,1,2,7,4,11,1,1,3,0
1833,5,1231,1109,122,1,28,"NSW","Urban","6:00 PM - 12:00 AM",0,1,0,3,72,2,4,6,5,11,1,0,99,99
1412,4,192,0,192,0,28,"QLD","Urban","6:00 AM - 12:00 PM",1,0,0,2,84,1,3,6,2,8,0,0,99,99
1119,3,3872,1913,1959,1,52,"TAS","Urban","6:00 AM - 12:00 PM",0,0,0,1,108,4,2,6,6,12,0,0,99,99
9805,25,1503,0,1503,0,-99,"TAS","Urban","6:00 AM - 12:00 PM",0,0,0,1,175,1,1,3,1,4,0,0,99,99
921,3,1159,0,1159,0,43,"TAS","Regional","6:00 AM - 12:00 PM",1,1,0,2,78,1,1,6,1,7,0,0,99,99
9427,24,3887,2694,1193,1,26,"SA","Urban","6:00 PM - 12:00 AM",1,1,0,1,124,2,2,8,5,13,0,0,99,99
1244,4,770,0,770,1,38,"ACT","Urban","6:00 AM - 12:00 PM",1,1,1,1,150,2,3,9,9,18,1,0,99,99
5024,13,2238,2195,43,0,21,"NT","Urban","6:00 PM - 12:00 AM",0,1,1,3,136,1,3,8,5,13,0,0,99,99
9508,24,171,0,171,1,27,"VIC","Urban","6:00 PM - 12:00 AM",0,1,0,3,110,4,3,10,10,20,1,0,99,99
224,1,262,0,262,0,21,"VIC","Remote","12:00 PM - 6:00 PM",1,1,0,3,174,1,4,1,0,1,0,0,99,99
4365,11,329,0,329,0,34,"VIC","Urban","12:00 PM - 6:00 PM",0,0,0,1,108,2,3,10,10,20,0,0,99,99
2392,6,1490,0,1490,1,43,"NSW","Regional","6:00 AM - 12:00 PM",1,1,0,3,112,1,4,10,7,17,0,0,99,99
5493,14,3350,2308,1042,0,76,"SA","Urban","12:00 PM - 6:00 PM",0,1,1,2,27,1,3,4,3,7,1,1,5,0
971,3,231,0,231,0,24,"VIC","Urban","6:00 AM - 12:00 PM",1,1,0,3,180,1,2,5,2,7,0,0,99,99
3785,10,934,0,934,1,43,"TAS","Urban","6:00 PM - 12:00 AM",1,1,0,2,25,1,3,3,2,5,0,0,99,99
2172,6,3581,2187,1394,1,24,"NSW","Urban","12:00 PM - 6:00 PM",1,1,0,3,179,1,5,3,4,7,0,0,99,99
4507,12,2912,2115,797,1,61,"SA","Urban","6:00 PM - 12:00 AM",0,1,0,3,180,2,2,1,2,3,0,0,99,99
5269,14,1180,1180,0,0,66,"VIC","Urban","6:00 PM - 12:00 AM",1,1,1,3,44,1,3,7,7,14,1,0,99,99
7057,18,694,0,694,0,45,"WA","Urban","6:00 PM - 12:00 AM",0,0,0,1,49,3,3,8,5,13,0,0,99,99
1856,5,1971,1467,504,1,40,"NSW","Urban","6:00 PM - 12:00 AM",0,1,1,3,162,2,3,1,0,1,0,0,99,99
9256,24,810,0,810,0,30,"VIC","Urban","12:00 AM - 6:00 AM",1,0,0,3,127,1,3,5,4,9,0,0,99,99
7287,19,500,0,500,1,-99,"SA","Urban","12:00 AM - 6:00 AM",0,1,0,3,73,3,5,10,8,18,1,0,99,99
6468,17,2164,2001,163,99,72,"VIC","Urban","6:00 AM - 12:00 PM",1,0,1,2,105,1,4,10,10,20,1,0,99,99
2622,7,2601,1998,603,1,66,"NSW","Urban","6:00 PM - 12:00 AM",0,1,1,2,155,1,3,3,3,6,1,0,99,99
104,1,3671,2193,1478,0,48,"NSW","Urban","12:00 AM - 6:00 AM",0,1,1,3,168,2,2,3,6,9,0,0,99,99
603,2,400,0,400,1,28,"NSW","Urban","6:00 PM - 12:00 AM",0,1,0,3,66,1,3,7,7,14,0,0,99,99
1921,5,4222,2411,1811,1,43,"TAS","Urban","6:00 PM - 12:00 AM",1,1,1,2,150,1,5,10,10,20,0,0,99,99
2782,7,1108,0,1108,1,73,"NSW","Urban","6:00 PM - 12:00 AM",1,1,1,3,175,1,3,3,6,9,1,0,99,99
6546,17,1176,0,1176,99,-99,"NSW","Regional","6:00 PM - 12:00 AM",1,1,1,3,108,2,3,10,10,20,1,1,3,0
7766,20,377,0,377,1,78,"VIC","Urban","6:00 AM - 12:00 PM",1,1,0,3,46,2,4,5,2,7,1,1,5,1
7920,20,3806,1988,1818,0,25,"NSW","Urban","6:00 AM - 12:00 PM",1,0,1,1,23,3,3,4,5,9,0,1,3,0
2832,8,2275,1536,739,99,73,"NSW","Urban","6:00 AM - 12:00 PM",0,1,1,3,165,1,3,9,10,19,0,0,99,99
2180,6,1687,1687,0,0,59,"SA","Urban","6:00 PM - 12:00 AM",0,1,0,3,42,2,3,4,5,9,0,0,99,99
8386,21,4037,2239,1798,0,23,"WA","Urban","12:00 PM - 6:00 PM",0,0,0,1,144,2,3,8,9,17,0,0,99,99
5515,14,3116,2051,1065,0,42,"NSW","Urban","12:00 PM - 6:00 PM",1,1,1,3,33,3,2,2,5,7,0,0,99,99
6535,17,3861,2473,1388,0,62,"NSW","Remote","12:00 AM - 6:00 AM",0,0,0,3,17,1,3,2,0,2,0,0,99,99
4848,13,2560,1470,1090,1,43,"VIC","Urban","6:00 AM - 12:00 PM",1,1,1,3,47,4,4,6,3,9,0,0,99,99
4716,12,3177,2341,836,1,60,"NSW","Urban","6:00 PM - 12:00 AM",0,1,1,3,124,2,2,7,8,15,1,1,4,0
7407,19,3333,1955,1378,0,34,"WA","Urban","6:00 AM - 12:00 PM",0,1,0,3,132,2,3,7,9,16,1,1,1,0
8887,23,1551,0,1551,0,73,"WA","Urban","6:00 PM - 12:00 AM",0,1,0,3,12,2,4,2,1,3,0,0,99,99
786,2,2971,1520,1451,0,60,"VIC","Urban","6:00 PM - 12:00 AM",0,0,0,1,150,2,4,6,6,12,0,1,4,0
6077,16,2204,874,1330,0,39,"TAS","Urban","6:00 PM - 12:00 AM",1,1,0,2,95,2,2,10,8,18,0,0,99,99
1181,3,3757,1973,1784,1,46,"QLD","Regional","6:00 AM - 12:00 PM",1,0,0,3,66,1,3,3,5,8,0,0,99,99
6204,16,827,0,827,99,-99,"SA","Urban","6:00 PM - 12:00 AM",0,0,0,1,97,2,3,10,10,20,0,1,5,0
6087,16,2413,1649,764,0,63,"NSW","Urban","12:00 PM - 6:00 PM",1,1,0,3,52,3,3,9,10,19,1,0,99,99
8905,23,155,0,155,0,30,"NSW","Remote","6:00 PM - 12:00 AM",1,1,0,2,137,2,2,7,4,11,0,0,99,99
9657,25,1639,0,1639,0,19,"NSW","Regional","12:00 PM - 6:00 PM",1,1,0,1,66,1,3,7,6,13,0,0,99,99
5190,13,2265,1798,467,0,63,"WA","Urban","6:00 PM - 12:00 AM",0,1,0,1,119,2,2,6,8,14,0,0,99,99
8603,22,322,0,322,0,78,"TAS","Urban","6:00 AM - 12:00 PM",0,0,1,1,81,2,3,7,6,13,0,0,99,99
7594,19,1682,1609,73,0,33,"NSW","Regional","6:00 PM - 12:00 AM",1,1,0,3,175,2,3,0,0,0,0,0,99,99
5203,14,2301,1835,466,0,36,"NSW","Urban","6:00 PM - 12:00 AM",1,1,1,3,21,1,4,2,4,6,0,0,99,99
6566,17,781,0,781,0,27,"QLD","Urban","6:00 PM - 12:00 AM",1,1,0,2,74,1,5,10,10,20,0,0,99,99
4461,12,2078,2078,0,1,34,"NSW","Regional","6:00 PM - 12:00 AM",0,1,0,3,122,1,3,6,6,12,0,0,99,99
2568,7,615,0,615,99,23,"QLD","Urban","6:00 AM - 12:00 PM",0,0,1,1,139,2,4,6,2,8,0,0,99,99
4919,13,2740,1544,1196,0,68,"VIC","Urban","12:00 AM - 6:00 AM",1,0,0,3,54,1,5,5,8,13,0,0,99,99
1288,4,4086,1976,2110,0,50,"NSW","Urban","6:00 AM - 12:00 PM",0,0,0,3,90,3,3,8,5,13,0,1,2,0
7853,20,1687,1687,0,1,55,"TAS","Urban","6:00 AM - 12:00 PM",0,1,0,3,111,4,3,5,2,7,1,1,3,0
8317,21,2529,1749,780,0,64,"SA","Urban","12:00 AM - 6:00 AM",0,0,0,3,87,1,2,5,6,11,0,1,5,1
4024,11,2566,1403,1163,1,64,"QLD","Urban","12:00 AM - 6:00 AM",0,0,0,3,79,1,4,10,7,17,0,1,0,0
4639,12,2911,1647,1264,99,66,"WA","Urban","6:00 AM - 12:00 PM",1,1,1,3,155,2,2,7,8,15,0,0,99,99
4291,11,3014,1567,1447,0,-99,"VIC","Urban","12:00 PM - 6:00 PM",1,1,0,3,135,1,3,8,7,15,0,0,99,99
78,1,354,0,354,0,21,"TAS","Urban","12:00 AM - 6:00 AM",0,1,0,3,144,2,4,4,3,7,0,1,3,0
6467,17,627,0,627,1,41,"TAS","Urban","6:00 PM - 12:00 AM",0,0,1,2,18,2,3,3,2,5,1,0,99,99
1850,5,4457,2359,2098,0,49,"NSW","Urban","6:00 PM - 12:00 AM",0,0,0,3,12,1,3,5,4,9,1,0,99,99
1260,4,3003,1676,1327,0,56,"QLD","Urban","6:00 AM - 12:00 PM",1,0,0,1,114,2,1,8,6,14,1,1,4,0
4140,11,1148,0,1148,1,49,"QLD","Urban","12:00 PM - 6:00 PM",0,0,0,3,49,1,3,6,5,11,0,0,99,99
5036,13,2824,1812,1012,0,-99,"NSW","Remote","6:00 PM - 12:00 AM",1,1,0,3,51,2,4,9,8,17,0,0,99,99
9188,23,211,0,211,0,34,"QLD","Urban","6:00 PM - 12:00 AM",0,1,1,3,50,2,3,7,10,17,1,0,99,99
8621,22,3557,2263,1294,1,57,"WA","Urban","6:00 PM - 12:00 AM",0,1,0,2,122,2,4,10,10,20,0,0,99,99
7902,20,2003,2003,0,1,-99,"NSW","Regional","6:00 AM - 12:00 PM",1,1,1,1,178,2,3,0,0,0,0,1,1,1
1914,5,2678,1456,1222,1,34,"QLD","Urban","6:00 PM - 12:00 AM",0,0,1,3,30,3,5,5,5,10,0,1,4,1
6240,16,1579,1408,171,1,41,"NT","Urban","12:00 PM - 6:00 PM",0,1,0,3,137,2,4,6,6,12,1,0,99,99
1144,3,431,0,431,1,30,"NT","Regional","6:00 AM - 12:00 PM",0,1,0,2,132,2,4,9,10,19,1,0,99,99
112,1,197,0,197,1,54,"NSW","Urban","12:00 AM - 6:00 AM",0,0,1,3,144,1,2,6,5,11,0,0,99,99
4456,12,3068,2099,969,0,74,"NSW","Urban","12:00 AM - 6:00 AM",1,0,0,2,113,1,3,6,10,16,0,0,99,99
4851,13,456,0,456,1,40,"NSW","Urban","6:00 AM - 12:00 PM",1,1,0,2,70,1,2,8,9,17,1,0,99,99
630,2,1257,0,1257,1,42,"NSW","Urban","6:00 PM - 12:00 AM",0,1,0,3,90,1,3,2,5,7,0,0,99,99
2069,6,3489,1642,1847,1,49,"TAS","Urban","6:00 PM - 12:00 AM",1,1,0,2,37,4,3,3,2,5,0,0,99,99
9903,25,2613,0,2613,0,45,"QLD","Urban","6:00 PM - 12:00 AM",0,1,0,3,63,3,2,7,10,17,1,0,99,99
1085,3,1997,1572,425,0,41,"VIC","Urban","6:00 AM - 12:00 PM",1,1,0,3,96,2,2,6,7,13,1,0,99,99
8558,22,3444,1881,1563,0,55,"WA","Urban","6:00 PM - 12:00 AM",0,1,0,3,82,1,4,9,10,19,0,1,2,1
3744,10,1865,0,1865,0,25,"VIC","Urban","12:00 PM - 6:00 PM",1,0,1,3,92,3,3,5,4,9,1,0,99,99
2993,8,1982,0,1982,1,29,"QLD","Urban","6:00 AM - 12:00 PM",1,1,0,2,148,4,4,8,4,12,0,0,99,99
6219,16,2344,1463,881,0,35,"NSW","Regional","6:00 PM - 12:00 AM",0,0,1,3,61,1,4,10,10,20,0,0,99,99
6590,17,1499,0,1499,1,77,"VIC","Urban","12:00 AM - 6:00 AM",0,1,0,3,19,2,3,2,2,4,0,0,99,99
6279,16,1903,0,1903,1,40,"VIC","Urban","6:00 PM - 12:00 AM",1,0,0,3,128,2,5,9,10,19,0,0,99,99
7812,20,3082,2010,1072,1,50,"SA","Urban","12:00 PM - 6:00 PM",0,0,0,2,163,2,5,9,10,19,1,0,99,99
6029,16,65,0,65,1,51,"NSW","Urban","6:00 PM - 12:00 AM",1,0,1,2,160,1,4,4,1,5,0,0,99,99
2210,6,1869,1268,601,0,60,"NSW","Urban","12:00 PM - 6:00 PM",0,0,1,2,125,1,4,10,6,16,0,0,99,99
2761,7,3062,1449,1613,0,38,"VIC","Urban","6:00 PM - 12:00 AM",1,0,0,1,25,2,2,0,3,3,0,0,99,99
9736,25,3073,1779,1294,0,47,"NSW","Remote","6:00 PM - 12:00 AM",1,1,1,3,104,1,2,10,10,20,0,0,99,99
2248,6,2096,0,2096,1,18,"VIC","Urban","6:00 PM - 12:00 AM",1,1,0,1,108,1,2,6,8,14,0,0,99,99
4632,12,1633,1465,168,1,63,"NSW","Regional","12:00 AM - 6:00 AM",0,1,1,1,100,2,5,10,9,19,1,0,99,99
9993,25,3202,2306,896,1,71,"WA","Urban","6:00 PM - 12:00 AM",0,1,1,3,31,1,3,1,0,1,0,1,1,1
5469,14,1713,1255,458,0,19,"TAS","Urban","6:00 PM - 12:00 AM",1,0,0,3,180,3,3,0,1,1,0,1,2,0
8563,22,1088,0,1088,1,60,"QLD","Urban","6:00 AM - 12:00 PM",0,0,1,3,159,2,4,8,8,16,0,0,99,99
27,1,1371,1149,222,1,30,"NSW","Urban","12:00 AM - 6:00 AM",1,1,1,3,90,1,4,8,6,14,1,0,99,99
1414,4,388,0,388,0,20,"NSW","Regional","6:00 AM - 12:00 PM",1,0,1,2,168,1,2,8,3,11,0,0,99,99
7539,19,1099,0,1099,1,51,"NSW","Regional","6:00 AM - 12:00 PM",0,1,0,3,156,2,3,3,5,8,0,1,2,0
7503,19,1957,1605,352,1,36,"NSW","Regional","6:00 AM - 12:00 PM",0,1,1,2,101,4,2,7,6,13,0,0,99,99
9511,24,668,0,668,1,50,"VIC","Urban","12:00 AM - 6:00 AM",0,1,1,3,91,3,4,9,8,17,0,0,99,99
9224,24,3732,2257,1475,0,72,"NSW","Regional","6:00 PM - 12:00 AM",1,0,0,3,117,4,3,5,4,9,0,0,99,99
627,2,732,0,732,0,34,"NSW","Urban","6:00 PM - 12:00 AM",1,1,0,2,162,2,3,6,6,12,1,0,99,99
3158,8,1127,0,1127,0,36,"NT","Urban","6:00 PM - 12:00 AM",0,0,0,1,104,1,3,7,7,14,1,0,99,99
7592,19,2149,1014,1135,1,61,"NSW","Urban","12:00 PM - 6:00 PM",0,0,0,3,29,2,3,3,3,6,0,0,99,99
5831,15,1462,0,1462,0,62,"NSW","Regional","12:00 AM - 6:00 AM",1,1,0,3,60,2,3,9,10,19,0,0,99,99
7735,20,3061,1577,1484,0,19,"NSW","Remote","12:00 AM - 6:00 AM",1,0,0,3,122,1,4,6,4,10,0,0,99,99
6594,17,1481,0,1481,1,36,"NSW","Regional","6:00 PM - 12:00 AM",1,0,0,3,138,1,3,9,10,19,0,0,99,99
2961,8,2760,2125,635,1,77,"TAS","Urban","12:00 AM - 6:00 AM",0,0,0,3,88,1,4,5,4,9,0,0,99,99
2944,8,3829,1610,2219,0,66,"NSW","Urban","6:00 AM - 12:00 PM",1,1,0,3,44,2,4,8,5,13,1,0,99,99
1124,3,3183,1982,1201,0,59,"QLD","Urban","6:00 AM - 12:00 PM",0,0,0,3,138,4,4,8,10,18,0,0,99,99
4087,11,4084,2231,1853,1,18,"NSW","Remote","6:00 PM - 12:00 AM",0,0,0,3,35,2,3,4,6,10,0,1,3,1
6039,16,1718,1084,634,1,51,"NSW","Urban","6:00 PM - 12:00 AM",1,1,1,3,52,2,2,7,8,15,0,0,99,99
3561,9,760,0,760,1,51,"VIC","Urban","12:00 PM - 6:00 PM",1,0,0,3,50,1,3,4,4,8,0,0,99,99
8232,21,2192,1529,663,1,59,"WA","Urban","6:00 AM - 12:00 PM",0,1,0,3,132,2,3,5,3,8,1,0,99,99
2144,6,2309,1847,462,1,66,"SA","Urban","6:00 PM - 12:00 AM",0,0,0,2,147,2,3,8,8,16,0,0,99,99
2332,6,148,0,148,1,-99,"NT","Urban","6:00 AM - 12:00 PM",0,1,0,3,141,2,3,6,7,13,0,0,99,99
5973,15,2018,2018,0,1,43,"WA","Urban","6:00 PM - 12:00 AM",0,0,1,3,72,1,3,9,9,18,0,0,99,99
872,3,3381,1813,1568,1,43,"QLD","Urban","6:00 PM - 12:00 AM",0,0,0,3,180,3,3,4,5,9,0,1,1,1
3478,9,2229,1576,653,1,60,"NSW","Urban","6:00 AM - 12:00 PM",0,1,0,3,59,2,2,7,7,14,0,0,99,99
9810,25,2728,2158,570,1,74,"QLD","Urban","12:00 AM - 6:00 AM",1,0,1,3,31,3,3,2,0,2,1,0,99,99
1189,3,260,0,260,0,23,"VIC","Remote","6:00 AM - 12:00 PM",0,1,0,1,138,1,4,10,10,20,0,1,4,0
7226,19,1069,0,1069,1,51,"NSW","Urban","6:00 AM - 12:00 PM",1,0,0,2,93,4,3,6,9,15,0,0,99,99
2724,7,1928,0,1928,1,39,"NSW","Regional","12:00 AM - 6:00 AM",0,0,1,3,28,1,2,4,7,11,0,0,99,99
2879,8,314,0,314,0,44,"SA","Urban","12:00 PM - 6:00 PM",1,1,0,1,157,2,2,3,2,5,0,0,99,99
1165,3,1349,0,1349,1,41,"NSW","Urban","6:00 AM - 12:00 PM",0,1,1,3,78,2,3,10,9,19,0,0,99,99
4230,11,3395,2614,781,1,29,"SA","Urban","12:00 PM - 6:00 PM",1,1,1,3,18,2,5,0,0,0,0,1,4,0
405,2,224,0,224,1,36,"NSW","Remote","6:00 PM - 12:00 AM",1,1,0,3,162,1,2,4,7,11,0,0,99,99
1251,4,487,0,487,0,36,"QLD","Urban","6:00 AM - 12:00 PM",0,1,1,3,60,2,4,2,6,8,0,1,3,1
6422,17,3378,2043,1335,1,31,"VIC","Urban","6:00 PM - 12:00 AM",1,0,0,3,170,2,2,0,0,0,1,0,99,99
387,1,3624,2071,1553,0,49,"NSW","Urban","6:00 PM - 12:00 AM",0,0,0,3,36,1,4,8,9,17,1,0,99,99
5732,15,3172,1928,1244,1,36,"QLD","Urban","6:00 AM - 12:00 PM",0,1,0,1,27,4,1,2,7,9,0,0,99,99
8100,21,2555,1467,1088,1,-99,"SA","Urban","6:00 AM - 12:00 PM",1,1,1,2,167,1,2,9,9,18,0,0,99,99
1544,4,4137,2304,1833,0,55,"ACT","Urban","6:00 AM - 12:00 PM",0,0,1,2,180,2,3,6,7,13,1,0,99,99
5387,14,611,0,611,1,39,"NSW","Regional","6:00 AM - 12:00 PM",0,1,0,3,61,1,3,6,5,11,1,0,99,99
6154,16,1910,1713,197,0,61,"NSW","Remote","6:00 AM - 12:00 PM",1,1,0,3,83,2,2,9,9,18,0,0,99,99
8860,23,2488,2017,471,1,65,"SA","Urban","6:00 PM - 12:00 AM",1,1,0,2,22,2,4,3,5,8,1,0,99,99
3938,10,2150,1897,253,1,68,"VIC","Urban","6:00 AM - 12:00 PM",0,1,0,3,39,2,2,4,3,7,0,0,99,99
441,2,3179,1599,1580,0,52,"NSW","Urban","6:00 PM - 12:00 AM",0,0,1,2,54,2,3,4,4,8,0,0,99,99
337,1,249,0,249,0,35,"VIC","Regional","6:00 PM - 12:00 AM",1,1,0,3,84,1,3,5,3,8,0,0,99,99
2882,8,1748,1748,0,0,21,"NSW","Urban","6:00 AM - 12:00 PM",0,0,1,3,67,2,3,10,5,15,0,0,99,99
4918,13,1149,0,1149,0,-99,"TAS","Urban","6:00 AM - 12:00 PM",1,0,1,3,160,1,3,4,0,4,0,0,99,99
1655,5,614,0,614,0,28,"VIC","Urban","6:00 PM - 12:00 AM",1,1,0,3,36,1,3,4,4,8,0,1,2,1
4972,13,1358,0,1358,1,25,"TAS","Urban","6:00 AM - 12:00 PM",0,0,1,3,12,2,2,1,0,1,0,0,99,99
5463,14,549,0,549,1,61,"NT","Urban","12:00 AM - 6:00 AM",1,1,0,3,146,1,2,7,4,11,0,0,99,99
5660,15,484,0,484,0,39,"NSW","Remote","6:00 AM - 12:00 PM",0,0,0,3,135,4,3,6,5,11,1,0,99,99
9318,24,3484,1115,2369,0,69,"TAS","Urban","6:00 PM - 12:00 AM",1,1,1,3,164,1,3,9,8,17,0,1,3,0
8588,22,1390,0,1390,0,35,"NSW","Regional","6:00 PM - 12:00 AM",0,1,0,3,33,2,3,0,1,1,0,0,99,99
2714,7,27,0,27,0,28,"VIC","Urban","6:00 PM - 12:00 AM",1,0,0,1,147,4,3,7,8,15,0,0,99,99
6723,17,2697,1529,1168,0,47,"NT","Urban","6:00 AM - 12:00 PM",0,1,0,2,159,1,2,10,8,18,0,0,99,99
6103,16,1903,1903,0,0,22,"QLD","Urban","12:00 AM - 6:00 AM",1,0,0,3,115,2,4,10,8,18,0,0,99,99
7245,19,2382,1417,965,0,36,"SA","Urban","6:00 AM - 12:00 PM",0,1,1,1,17,2,3,1,3,4,0,0,99,99
4111,11,2503,1837,666,0,43,"VIC","Urban","6:00 AM - 12:00 PM",0,0,1,3,43,2,4,8,8,16,1,0,99,99
4053,11,2944,1740,1204,1,37,"NSW","Regional","6:00 AM - 12:00 PM",0,0,0,3,65,1,4,8,4,12,0,0,99,99
1145,3,1091,0,1091,1,45,"NT","Regional","6:00 AM - 12:00 PM",1,1,1,2,66,2,4,10,10,20,1,1,5,0
4596,12,2097,2074,23,1,53,"NT","Urban","6:00 PM - 12:00 AM",1,0,1,1,14,2,3,0,3,3,1,0,99,99
3842,10,705,0,705,0,28,"VIC","Urban","6:00 PM - 12:00 AM",1,0,1,2,29,1,1,0,5,5,0,0,99,99
7863,20,3518,1677,1841,1,67,"SA","Urban","6:00 AM - 12:00 PM",0,1,1,3,45,2,2,4,6,10,0,1,3,0
2705,7,2531,1536,995,99,69,"NSW","Regional","12:00 PM - 6:00 PM",0,1,1,3,29,1,2,4,5,9,1,0,99,99
1916,5,3536,1833,1703,1,54,"NT","Urban","6:00 PM - 12:00 AM",0,1,0,3,24,1,2,4,8,12,0,0,99,99
162,1,4392,2426,1966,0,44,"NSW","Urban","12:00 AM - 6:00 AM",0,0,0,1,36,2,3,7,10,17,0,0,99,99
943,3,667,0,667,1,34,"VIC","Urban","6:00 AM - 12:00 PM",1,1,0,3,90,1,3,10,10,20,0,0,99,99
4460,12,4141,1919,2222,0,22,"SA","Urban","6:00 AM - 12:00 PM",1,1,1,3,89,2,3,10,9,19,0,0,99,99
2139,6,3560,2205,1355,1,24,"NSW","Regional","6:00 PM - 12:00 AM",0,1,0,2,37,2,3,4,2,6,0,0,99,99
3778,10,1582,1582,0,0,51,"SA","Urban","6:00 PM - 12:00 AM",0,0,0,3,127,1,2,5,3,8,0,1,1,1
1647,5,1415,0,1415,1,49,"VIC","Urban","6:00 PM - 12:00 AM",0,1,1,1,156,2,3,2,1,3,0,1,1,0
1615,5,227,0,227,1,20,"ACT","Urban","6:00 AM - 12:00 PM",0,0,1,3,42,1,4,10,10,20,0,0,99,99
4640,12,3453,1409,2044,0,26,"TAS","Urban","6:00 PM - 12:00 AM",0,1,0,3,175,2,5,9,7,16,0,0,99,99
5392,14,94,0,94,1,18,"NT","Urban","6:00 AM - 12:00 PM",0,1,0,3,165,1,2,2,3,5,0,1,5,1
7559,19,2997,1529,1468,1,68,"NSW","Remote","6:00 AM - 12:00 PM",1,1,0,3,65,2,4,9,7,16,0,0,99,99
2843,8,2587,1716,871,0,78,"QLD","Urban","12:00 AM - 6:00 AM",0,0,1,1,73,2,2,9,10,19,0,0,99,99
3618,10,334,0,334,0,33,"NSW","Regional","12:00 AM - 6:00 AM",0,1,1,2,41,3,4,3,5,8,1,0,99,99
8805,23,2865,1267,1598,1,60,"NSW","Urban","12:00 PM - 6:00 PM",0,0,0,2,62,1,4,9,8,17,0,0,99,99
674,2,243,0,243,1,58,"NSW","Urban","6:00 PM - 12:00 AM",1,0,0,3,54,1,3,5,7,12,0,0,99,99
3409,9,2283,1432,851,0,78,"VIC","Urban","12:00 AM - 6:00 AM",0,0,0,3,50,2,2,5,3,8,1,0,99,99
5252,14,2155,1658,497,1,-99,"TAS","Urban","6:00 PM - 12:00 AM",1,0,0,3,71,4,2,5,3,8,0,0,99,99
3382,9,1699,0,1699,0,25,"VIC","Urban","6:00 AM - 12:00 PM",0,0,1,3,133,2,3,7,8,15,0,1,1,1
515,2,262,0,262,0,22,"NSW","Urban","6:00 PM - 12:00 AM",0,1,0,3,18,1,4,6,6,12,0,0,99,99
155,1,3823,2148,1675,1,42,"NSW","Regional","12:00 AM - 6:00 AM",0,0,1,3,18,1,2,0,0,0,0,1,1,1
7174,18,1022,0,1022,1,19,"SA","Urban","6:00 PM - 12:00 AM",1,1,0,2,122,1,3,6,4,10,0,0,99,99
5638,15,1675,0,1675,0,38,"VIC","Urban","6:00 PM - 12:00 AM",0,0,0,3,149,2,4,9,8,17,0,1,1,0
5328,14,1893,1211,682,99,46,"VIC","Urban","12:00 PM - 6:00 PM",0,1,0,3,127,2,2,7,7,14,0,0,99,99
1701,5,1505,1311,194,0,38,"VIC","Urban","6:00 PM - 12:00 AM",1,1,1,3,168,1,4,7,5,12,1,1,4,1
54,1,1175,0,1175,1,28,"NT","Remote","12:00 AM - 6:00 AM",0,1,0,1,66,2,2,5,2,7,0,0,99,99
3030,8,2492,1777,715,0,67,"WA","Urban","6:00 PM - 12:00 AM",1,1,1,2,96,3,4,10,10,20,0,0,99,99
8743,22,2298,1303,995,1,73,"NSW","Regional","6:00 AM - 12:00 PM",0,1,1,3,33,2,3,0,0,0,0,0,99,99
7738,20,3907,2036,1871,1,55,"TAS","Urban","6:00 AM - 12:00 PM",0,1,0,3,31,1,2,0,0,0,0,0,99,99
8786,22,19,0,19,1,77,"SA","Urban","6:00 AM - 12:00 PM",1,1,0,3,19,4,3,3,0,3,0,0,99,99
9501,24,566,0,566,1,68,"VIC","Urban","6:00 PM - 12:00 AM",1,1,0,1,135,1,2,8,8,16,1,0,99,99
3014,8,2937,2391,546,0,18,"VIC","Urban","6:00 PM - 12:00 AM",0,0,0,3,18,2,1,0,2,2,0,0,99,99
1494,4,4909,2478,2431,0,53,"VIC","Regional","6:00 AM - 12:00 PM",0,0,0,3,66,3,2,5,5,10,0,0,99,99
9437,24,2879,2043,836,0,19,"TAS","Urban","12:00 PM - 6:00 PM",0,1,0,3,58,4,3,5,5,10,0,0,99,99
4122,11,851,0,851,1,55,"WA","Urban","6:00 PM - 12:00 AM",0,1,1,3,106,1,2,5,5,10,0,0,99,99
7312,19,1720,1302,418,0,66,"NSW","Regional","12:00 PM - 6:00 PM",1,1,0,3,76,1,3,7,8,15,1,0,99,99
9010,23,1400,0,1400,0,38,"QLD","Urban","6:00 AM - 12:00 PM",1,1,0,2,84,4,2,6,6,12,0,1,1,1
5121,13,3319,1642,1677,0,47,"QLD","Urban","6:00 AM - 12:00 PM",0,0,0,3,72,2,4,10,9,19,0,0,99,99
6556,17,3592,1910,1682,0,77,"NSW","Regional","12:00 AM - 6:00 AM",1,0,1,3,151,1,2,10,10,20,0,1,4,0
2876,8,917,0,917,1,37,"NSW","Remote","6:00 AM - 12:00 PM",0,0,0,3,141,1,3,9,10,19,0,0,99,99
3960,10,612,0,612,0,63,"QLD","Urban","6:00 PM - 12:00 AM",1,1,1,1,145,2,3,10,10,20,1,1,4,0
8507,22,2196,1419,777,1,70,"NSW","Regional","6:00 AM - 12:00 PM",1,1,0,1,109,1,2,5,6,11,0,0,99,99
985,3,161,0,161,1,44,"VIC","Urban","6:00 AM - 12:00 PM",1,1,0,2,168,1,4,5,4,9,0,0,99,99
8704,22,898,0,898,1,-99,"NSW","Regional","12:00 PM - 6:00 PM",1,1,0,3,27,1,1,0,0,0,1,0,99,99
1601,5,1710,1437,273,1,37,"TAS","Urban","6:00 AM - 12:00 PM",1,0,0,3,174,1,2,5,2,7,0,0,99,99
5734,15,855,0,855,1,51,"NSW","Regional","6:00 PM - 12:00 AM",0,0,0,3,70,1,3,9,8,17,0,0,99,99
4697,12,3490,2618,872,1,-99,"NSW","Urban","6:00 PM - 12:00 AM",0,0,1,2,122,1,2,9,10,19,1,0,99,99
8159,21,966,0,966,0,56,"NT","Urban","6:00 AM - 12:00 PM",0,1,1,3,21,2,2,4,3,7,0,0,99,99
6302,16,2818,1771,1047,1,32,"TAS","Urban","6:00 PM - 12:00 AM",0,0,0,3,30,4,3,4,2,6,0,0,99,99
580,2,1512,0,1512,1,44,"SA","Urban","12:00 PM - 6:00 PM",0,1,0,3,156,2,4,8,9,17,1,0,99,99
8356,21,2659,1968,691,1,37,"NSW","Remote","6:00 PM - 12:00 AM",0,1,1,3,23,2,4,4,3,7,0,0,99,99
6735,17,598,0,598,1,-99,"WA","Urban","6:00 AM - 12:00 PM",1,1,0,3,98,2,2,7,8,15,0,1,2,1
6764,17,1169,0,1169,1,46,"NSW","Remote","6:00 AM - 12:00 PM",1,1,0,3,41,1,2,4,0,4,0,0,99,99
8557,22,1871,1494,377,1,64,"NSW","Regional","6:00 PM - 12:00 AM",1,1,0,3,78,4,2,8,10,18,1,0,99,99
1945,5,4365,2491,1874,0,51,"NSW","Regional","6:00 PM - 12:00 AM",0,0,1,2,138,4,3,9,10,19,0,0,99,99
1665,5,329,0,329,0,23,"ACT","Urban","6:00 PM - 12:00 AM",1,1,0,3,126,2,4,6,8,14,0,0,99,99
7478,19,1786,1786,0,1,35,"VIC","Urban","6:00 PM - 12:00 AM",0,1,0,1,46,2,1,3,2,5,0,0,99,99
6513,17,2258,778,1480,99,64,"NSW","Urban","6:00 AM - 12:00 PM",1,1,0,3,118,3,2,5,5,10,0,0,99,99
9820,25,2742,1880,862,0,70,"NSW","Regional","12:00 AM - 6:00 AM",0,0,0,3,83,2,4,6,7,13,1,0,99,99
7676,20,4155,2410,1745,99,39,"NSW","Remote","12:00 PM - 6:00 PM",0,1,1,3,98,2,4,10,10,20,0,1,4,0
139,1,1309,1165,144,0,20,"QLD","Urban","12:00 AM - 6:00 AM",1,0,0,3,108,1,4,9,10,19,1,0,99,99
5662,15,2854,1763,1091,1,63,"NSW","Urban","6:00 PM - 12:00 AM",1,1,0,2,166,2,2,4,8,12,0,0,99,99
3540,9,1399,0,1399,1,72,"WA","Urban","6:00 PM - 12:00 AM",0,1,0,3,93,1,2,8,7,15,0,1,0,0
3974,10,477,0,477,99,63,"SA","Urban","6:00 PM - 12:00 AM",0,1,0,2,175,1,2,1,3,4,0,0,99,99
9027,23,2190,2190,0,0,22,"VIC","Urban","6:00 AM - 12:00 PM",0,1,0,2,122,2,2,9,7,16,0,1,1,0
287,1,217,0,217,1,29,"NSW","Regional","12:00 AM - 6:00 AM",1,0,1,1,102,1,3,10,5,15,0,0,99,99
7201,19,1422,0,1422,1,43,"NSW","Urban","6:00 PM - 12:00 AM",1,0,1,3,110,1,3,5,8,13,1,0,99,99
9186,23,2082,2082,0,1,45,"NSW","Regional","6:00 AM - 12:00 PM",0,1,0,2,37,1,4,4,3,7,1,0,99,99
7683,20,1937,0,1937,0,38,"SA","Urban","6:00 PM - 12:00 AM",1,1,1,1,122,1,4,10,5,15,0,0,99,99
3367,9,2154,2154,0,1,52,"WA","Urban","6:00 AM - 12:00 PM",1,1,0,1,16,2,3,4,7,11,0,1,1,0
7784,20,3462,2237,1225,0,70,"WA","Urban","6:00 PM - 12:00 AM",1,0,0,2,61,1,2,9,10,19,0,0,99,99
7964,20,1935,1935,0,1,21,"QLD","Urban","6:00 PM - 12:00 AM",1,1,0,3,55,2,2,8,8,16,0,0,99,99
2543,7,521,0,521,0,21,"NSW","Urban","6:00 PM - 12:00 AM",0,1,1,1,123,2,3,9,6,15,0,0,99,99
7940,20,971,0,971,0,30,"TAS","Urban","6:00 PM - 12:00 AM",0,0,1,3,125,1,5,10,10,20,0,0,99,99
744,2,3919,1880,2039,0,59,"VIC","Urban","6:00 PM - 12:00 AM",0,0,1,3,126,2,3,5,7,12,0,0,99,99
3069,8,3453,1881,1572,1,26,"WA","Urban","12:00 PM - 6:00 PM",0,1,0,1,85,1,2,10,10,20,0,0,99,99
8721,22,2556,1715,841,0,39,"WA","Urban","12:00 PM - 6:00 PM",1,1,1,1,144,1,2,9,9,18,0,1,2,1
7861,20,1659,0,1659,1,54,"QLD","Urban","12:00 AM - 6:00 AM",1,0,0,3,70,2,4,10,10,20,0,0,99,99
6134,16,2389,2389,0,0,45,"SA","Urban","6:00 PM - 12:00 AM",1,1,0,3,101,2,3,8,10,18,1,0,99,99
2999,8,2755,1973,782,0,44,"VIC","Urban","12:00 AM - 6:00 AM",0,0,0,1,171,3,3,4,5,9,1,0,99,99
5822,15,3070,1942,1128,1,18,"NSW","Regional","6:00 PM - 12:00 AM",0,0,0,1,96,2,4,10,10,20,0,0,99,99
2691,7,2557,1396,1161,0,19,"TAS","Urban","12:00 AM - 6:00 AM",1,1,0,3,102,3,3,10,9,19,0,0,99,99
981,3,1717,1463,254,0,35,"VIC","Urban","6:00 AM - 12:00 PM",1,1,1,1,12,2,2,0,0,0,0,1,1,1
3559,9,2186,2095,91,0,29,"NSW","Remote","6:00 AM - 12:00 PM",1,0,1,3,38,1,2,3,5,8,0,0,99,99
4195,11,1680,0,1680,0,73,"NSW","Regional","6:00 AM - 12:00 PM",0,0,0,3,135,1,3,10,10,20,1,1,3,1
4894,13,3959,1715,2244,1,35,"VIC","Urban","12:00 PM - 6:00 PM",0,0,0,2,102,4,3,10,10,20,0,0,99,99
9180,23,1010,0,1010,1,58,"VIC","Urban","12:00 AM - 6:00 AM",1,1,1,2,90,1,4,10,8,18,0,0,99,99
9128,23,320,0,320,1,26,"NSW","Urban","6:00 PM - 12:00 AM",0,1,0,3,104,4,4,5,6,11,1,1,2,0
2110,6,442,0,442,1,59,"NSW","Regional","12:00 PM - 6:00 PM",0,0,1,3,112,2,4,10,8,18,1,0,99,99
1418,4,4224,1990,2234,0,49,"SA","Urban","6:00 AM - 12:00 PM",0,0,0,3,180,3,4,6,6,12,0,0,99,99
6486,17,1502,0,1502,1,75,"QLD","Urban","12:00 AM - 6:00 AM",1,0,1,3,71,1,2,6,7,13,0,0,99,99
3694,10,3113,1947,1166,1,54,"QLD","Urban","12:00 PM - 6:00 PM",0,0,1,3,104,2,3,10,10,20,1,0,99,99
4309,11,1312,0,1312,1,27,"NSW","Regional","12:00 PM - 6:00 PM",0,1,0,2,76,3,4,10,10,20,1,0,99,99
8468,22,2171,1621,550,0,52,"VIC","Urban","6:00 PM - 12:00 AM",0,1,0,3,167,2,1,0,0,0,1,0,99,99
8807,23,2460,1176,1284,0,18,"NT","Urban","12:00 AM - 6:00 AM",1,0,1,3,148,1,2,4,7,11,0,0,99,99
5720,15,1216,887,329,0,55,"WA","Urban","6:00 AM - 12:00 PM",0,0,0,2,48,2,3,6,8,14,1,0,99,99
3259,9,3635,2774,861,99,22,"VIC","Urban","6:00 AM - 12:00 PM",1,1,1,1,143,1,3,7,3,10,0,1,5,0
9338,24,404,0,404,0,37,"VIC","Urban","6:00 PM - 12:00 AM",0,1,0,3,33,1,1,3,5,8,0,0,99,99
1080,3,2349,1405,944,1,43,"QLD","Urban","6:00 AM - 12:00 PM",1,1,0,3,144,3,4,5,3,8,0,0,99,99
3418,9,1359,0,1359,1,36,"NSW","Urban","12:00 AM - 6:00 AM",1,0,0,1,106,1,3,10,8,18,1,0,99,99
3914,10,4353,2093,2260,0,77,"NSW","Regional","6:00 PM - 12:00 AM",1,1,0,2,22,3,3,3,5,8,0,0,99,99
1572,4,257,0,257,1,53,"SA","Urban","6:00 AM - 12:00 PM",1,0,0,1,150,1,3,4,4,8,0,1,3,0
723,2,2853,1666,1187,1,49,"QLD","Urban","6:00 PM - 12:00 AM",0,1,0,3,42,3,2,7,3,10,0,0,99,99
9769,25,3491,2574,917,0,50,"VIC","Urban","6:00 AM - 12:00 PM",1,0,1,3,125,4,3,7,10,17,0,1,5,0
4984,13,3083,1731,1352,0,37,"NSW","Remote","6:00 AM - 12:00 PM",0,0,1,3,152,1,2,2,0,2,0,0,99,99
39,1,4465,2337,2128,0,55,"NSW","Regional","12:00 AM - 6:00 AM",1,0,0,1,180,3,3,1,2,3,0,0,99,99
8939,23,2949,2236,713,0,40,"VIC","Urban","6:00 PM - 12:00 AM",1,1,0,2,56,1,2,4,2,6,1,1,4,1
3049,8,1610,0,1610,1,48,"NSW","Urban","6:00 PM - 12:00 AM",0,0,0,3,43,2,3,1,4,5,0,0,99,99
2817,8,2128,0,2128,1,77,"VIC","Urban","6:00 PM - 12:00 AM",1,0,0,1,51,2,3,6,7,13,0,0,99,99
598,2,1883,1502,381,0,42,"WA","Urban","6:00 PM - 12:00 AM",0,1,1,2,108,2,4,10,10,20,1,0,99,99
5900,15,2334,1462,872,1,51,"WA","Urban","6:00 AM - 12:00 PM",1,1,0,3,153,2,1,9,8,17,0,1,3,0
880,3,214,0,214,1,47,"ACT","Urban","6:00 PM - 12:00 AM",1,0,0,3,162,1,4,6,6,12,0,0,99,99
7987,20,3398,1785,1613,0,21,"NSW","Regional","6:00 AM - 12:00 PM",0,0,0,3,163,3,4,6,8,14,0,0,99,99
345,1,2653,1259,1394,0,37,"QLD","Urban","6:00 PM - 12:00 AM",1,1,0,3,120,3,5,6,5,11,0,0,99,99
2126,6,450,0,450,0,78,"VIC","Urban","12:00 AM - 6:00 AM",1,0,0,2,159,1,4,3,4,7,0,0,99,99
1741,5,4363,2318,2045,0,58,"NSW","Regional","6:00 PM - 12:00 AM",1,0,0,1,162,1,3,2,0,2,0,0,99,99
3877,10,3278,2389,889,0,66,"NSW","Remote","12:00 AM - 6:00 AM",0,0,0,3,166,1,3,9,8,17,0,0,99,99
3295,9,924,0,924,1,54,"TAS","Urban","6:00 PM - 12:00 AM",0,0,0,3,28,4,3,4,3,7,0,0,99,99
4310,11,2295,2048,247,1,45,"TAS","Urban","6:00 PM - 12:00 AM",0,1,1,3,57,3,3,9,7,16,0,0,99,99
1733,5,3360,1800,1560,0,54,"NT","Urban","6:00 PM - 12:00 AM",0,0,1,3,60,2,3,8,7,15,0,0,99,99
5773,15,55,0,55,0,71,"NSW","Urban","6:00 AM - 12:00 PM",0,1,1,3,121,2,4,10,10,20,1,1,1,1
7083,18,3842,1249,2593,0,45,"NSW","Urban","6:00 PM - 12:00 AM",0,0,1,3,26,4,3,4,4,8,0,0,99,99
2765,7,3050,1594,1456,0,73,"WA","Urban","6:00 PM - 12:00 AM",0,0,1,3,28,2,3,3,1,4,1,0,99,99
6016,16,612,0,612,1,25,"NSW","Regional","6:00 AM - 12:00 PM",1,1,1,3,133,1,4,7,5,12,1,0,99,99
1444,4,3032,1745,1287,1,36,"ACT","Remote","6:00 AM - 12:00 PM",1,1,1,2,114,3,4,7,8,15,0,0,99,99
8261,21,2555,2246,309,0,51,"VIC","Urban","12:00 AM - 6:00 AM",1,1,0,3,75,2,4,10,10,20,0,0,99,99
8968,23,2552,0,2552,1,75,"VIC","Urban","6:00 PM - 12:00 AM",0,0,0,2,129,4,2,9,7,16,0,0,99,99
3782,10,2176,1910,266,99,70,"NSW","Remote","6:00 PM - 12:00 AM",1,1,0,3,75,1,3,6,4,10,1,1,0,1
9593,24,1339,0,1339,0,-99,"SA","Urban","6:00 PM - 12:00 AM",0,1,0,3,159,2,3,4,6,10,0,0,99,99
1108,3,3335,1846,1489,0,57,"NSW","Urban","6:00 AM - 12:00 PM",0,0,0,2,72,3,3,7,9,16,0,0,99,99
9314,24,622,0,622,1,33,"TAS","Urban","6:00 PM - 12:00 AM",0,1,0,3,86,2,3,7,8,15,1,0,99,99
7673,20,3922,2306,1616,1,61,"NSW","Regional","6:00 AM - 12:00 PM",0,1,0,1,41,1,3,2,1,3,1,0,99,99
1377,4,742,0,742,1,29,"NSW","Regional","6:00 AM - 12:00 PM",1,1,0,1,126,1,4,4,4,8,0,0,99,99
8488,22,687,0,687,0,65,"VIC","Urban","6:00 PM - 12:00 AM",0,0,0,3,112,4,4,10,10,20,0,0,99,99
2890,8,1623,0,1623,1,22,"VIC","Urban","12:00 AM - 6:00 AM",0,1,0,3,16,3,3,0,2,2,1,0,99,99
7668,20,2063,1183,880,1,76,"VIC","Urban","6:00 PM - 12:00 AM",1,0,0,3,144,2,2,4,4,8,0,0,99,99
1149,3,2679,1656,1023,0,40,"WA","Regional","6:00 AM - 12:00 PM",1,1,0,3,90,3,3,7,7,14,0,0,99,99
5966,15,1575,1575,0,0,75,"NSW","Regional","12:00 PM - 6:00 PM",0,1,1,1,21,2,3,0,0,0,0,0,99,99
9478,24,2745,1566,1179,1,40,"QLD","Urban","6:00 AM - 12:00 PM",0,1,1,3,165,1,3,4,7,11,0,0,99,99
8021,21,2039,1404,635,0,19,"NT","Urban","6:00 PM - 12:00 AM",0,1,1,3,90,1,3,5,7,12,1,0,99,99
7924,20,509,0,509,1,29,"VIC","Urban","6:00 PM - 12:00 AM",0,1,0,3,98,1,2,8,10,18,0,0,99,99
7348,19,1596,0,1596,1,42,"VIC","Urban","12:00 AM - 6:00 AM",0,1,0,3,75,3,4,7,8,15,0,0,99,99
5976,15,502,0,502,1,54,"NSW","Urban","12:00 AM - 6:00 AM",1,0,1,3,77,1,3,8,6,14,0,0,99,99
5617,15,2875,1745,1130,0,34,"NSW","Remote","6:00 AM - 12:00 PM",0,1,0,3,124,3,2,5,6,11,0,0,99,99
1936,5,396,0,396,0,22,"NSW","Urban","6:00 PM - 12:00 AM",1,0,0,2,78,2,3,6,2,8,0,0,99,99
4944,13,1117,0,1117,1,53,"NSW","Regional","6:00 AM - 12:00 PM",1,0,0,3,133,1,4,10,10,20,0,0,99,99
6139,16,2703,1660,1043,1,53,"NSW","Regional","6:00 PM - 12:00 AM",0,0,1,3,135,1,3,10,10,20,1,0,99,99
7793,20,1701,0,1701,0,70,"VIC","Urban","6:00 PM - 12:00 AM",1,1,0,3,110,1,2,10,7,17,0,1,1,0
2678,7,1980,0,1980,0,20,"NSW","Regional","6:00 PM - 12:00 AM",1,1,0,3,69,4,2,5,4,9,1,1,3,1
503,2,3556,1846,1710,0,55,"VIC","Urban","6:00 PM - 12:00 AM",0,0,0,3,18,4,3,0,0,0,0,0,99,99
4411,12,4404,2355,2049,1,51,"VIC","Urban","6:00 PM - 12:00 AM",1,0,0,3,29,2,4,2,2,4,1,0,99,99
1687,5,3658,2111,1547,0,57,"NSW","Regional","6:00 PM - 12:00 AM",1,0,0,2,150,3,2,4,4,8,0,1,1,0
5256,14,1942,0,1942,1,34,"QLD","Urban","12:00 AM - 6:00 AM",0,0,1,3,19,1,2,0,3,3,0,0,99,99
9151,23,975,0,975,1,56,"NSW","Regional","6:00 PM - 12:00 AM",1,0,1,1,72,2,2,8,10,18,0,0,99,99
6681,17,3836,1630,2206,0,27,"QLD","Urban","12:00 PM - 6:00 PM",0,1,0,3,93,1,3,8,10,18,1,0,99,99
4001,11,713,0,713,1,33,"QLD","Urban","12:00 AM - 6:00 AM",1,1,1,1,114,2,3,10,10,20,0,0,99,99
2514,7,6,0,6,1,71,"NSW","Regional","12:00 AM - 6:00 AM",0,1,1,3,81,1,4,10,7,17,0,0,99,99
3421,9,1427,0,1427,1,39,"NSW","Urban","6:00 PM - 12:00 AM",1,1,0,2,71,3,3,9,9,18,1,0,99,99
3864,10,3275,2116,1159,1,27,"NSW","Remote","6:00 PM - 12:00 AM",0,1,1,3,131,1,4,10,10,20,0,0,99,99
7878,20,3110,2410,700,1,31,"WA","Urban","12:00 PM - 6:00 PM",0,0,0,3,157,2,4,6,7,13,1,0,99,99
9322,24,791,0,791,0,26,"TAS","Urban","6:00 AM - 12:00 PM",0,0,1,3,116,3,3,10,10,20,0,0,99,99
7102,18,3117,2395,722,0,76,"NSW","Regional","6:00 AM - 12:00 PM",1,0,0,2,149,1,3,5,3,8,0,0,99,99
3356,9,3589,1468,2121,0,42,"NSW","Remote","6:00 AM - 12:00 PM",0,1,0,2,38,1,1,1,2,3,1,0,99,99
8497,22,1760,0,1760,1,28,"NSW","Remote","6:00 AM - 12:00 PM",0,1,0,3,38,2,5,3,5,8,0,0,99,99
2711,7,2995,1769,1226,0,26,"WA","Urban","12:00 PM - 6:00 PM",1,1,1,2,83,1,2,7,6,13,0,0,99,99
3076,8,1337,0,1337,1,40,"NT","Urban","6:00 PM - 12:00 AM",0,0,0,3,18,2,2,3,1,4,0,0,99,99
4911,13,2906,2062,844,1,39,"QLD","Urban","12:00 AM - 6:00 AM",0,0,1,3,65,1,2,9,10,19,1,0,99,99
6503,17,1972,1868,104,0,77,"NSW","Regional","12:00 PM - 6:00 PM",1,0,0,3,54,1,2,4,4,8,1,0,99,99
142,1,1670,1446,224,1,27,"NSW","Urban","12:00 AM - 6:00 AM",1,0,1,3,90,2,1,9,5,14,0,0,99,99
1333,4,249,0,249,1,22,"NSW","Urban","6:00 AM - 12:00 PM",1,1,0,2,48,2,1,2,1,3,0,0,99,99
4418,12,3601,2379,1222,0,23,"TAS","Urban","6:00 PM - 12:00 AM",0,1,1,2,119,4,3,8,10,18,0,0,99,99
7052,18,1707,1468,239,1,18,"NSW","Regional","6:00 PM - 12:00 AM",0,1,0,3,12,1,4,0,0,0,0,0,99,99
1467,4,367,0,367,0,21,"NSW","Urban","6:00 AM - 12:00 PM",1,1,1,3,138,2,4,4,7,11,1,0,99,99
5097,13,689,0,689,1,39,"NSW","Regional","6:00 PM - 12:00 AM",1,1,0,3,98,1,2,7,9,16,0,1,5,1
7111,18,3220,1875,1345,0,23,"NSW","Urban","6:00 PM - 12:00 AM",1,0,1,1,150,1,4,5,2,7,0,0,99,99
1070,3,2185,1718,467,0,56,"TAS","Urban","6:00 AM - 12:00 PM",0,1,1,3,144,2,4,4,4,8,0,0,99,99
5693,15,3039,1291,1748,0,24,"VIC","Urban","12:00 AM - 6:00 AM",0,1,0,3,104,1,3,6,10,16,0,1,1,0
7095,18,2201,1358,843,1,67,"VIC","Urban","6:00 AM - 12:00 PM",0,1,0,1,14,1,3,3,6,9,0,0,99,99
8031,21,2035,1446,589,0,18,"QLD","Urban","6:00 AM - 12:00 PM",0,0,1,1,128,2,4,9,9,18,0,0,99,99
7848,20,745,0,745,0,39,"QLD","Urban","6:00 AM - 12:00 PM",1,0,0,3,167,1,2,3,5,8,1,0,99,99
9458,24,2926,1481,1445,0,64,"SA","Urban","6:00 PM - 12:00 AM",0,0,0,3,131,1,1,9,7,16,1,0,99,99
8827,23,796,0,796,1,31,"NSW","Regional","6:00 AM - 12:00 PM",1,1,1,3,81,1,3,10,10,20,0,0,99,99
3989,10,2446,1824,622,1,51,"TAS","Urban","6:00 PM - 12:00 AM",1,0,0,3,62,4,3,5,7,12,0,0,99,99
5060,13,3357,1624,1733,0,46,"NT","Urban","12:00 AM - 6:00 AM",0,1,0,1,24,1,2,1,3,4,0,0,99,99
9639,25,158,0,158,0,74,"TAS","Urban","6:00 AM - 12:00 PM",0,1,0,3,141,4,4,7,7,14,0,0,99,99
2642,7,808,0,808,1,57,"QLD","Urban","6:00 AM - 12:00 PM",0,0,1,3,15,1,3,4,4,8,0,0,99,99
3682,10,3456,2782,674,99,56,"NSW","Regional","12:00 AM - 6:00 AM",0,1,0,3,114,2,2,8,5,13,0,0,99,99
7525,19,3486,2632,854,0,65,"NSW","Regional","6:00 PM - 12:00 AM",0,0,0,3,71,3,5,10,10,20,0,1,2,0
2073,6,736,0,736,1,63,"VIC","Urban","6:00 PM - 12:00 AM",1,0,0,3,110,4,2,9,10,19,1,0,99,99
9860,25,1287,984,303,1,37,"SA","Urban","6:00 PM - 12:00 AM",1,0,0,2,83,3,1,5,6,11,0,0,99,99
4213,11,1627,1627,0,0,69,"QLD","Urban","6:00 AM - 12:00 PM",0,0,1,1,78,2,5,7,7,14,0,0,99,99
3368,9,2633,2102,531,1,61,"NSW","Regional","6:00 PM - 12:00 AM",0,1,1,3,142,2,4,6,8,14,1,0,99,99
2743,7,4228,2516,1712,0,67,"TAS","Urban","6:00 PM - 12:00 AM",0,0,0,3,121,1,4,10,10,20,0,0,99,99
8935,23,2768,1912,856,1,56,"SA","Urban","6:00 PM - 12:00 AM",0,1,1,3,165,2,5,6,7,13,1,0,99,99
5590,14,3383,2012,1371,1,36,"NT","Urban","6:00 PM - 12:00 AM",0,0,0,3,108,2,4,10,10,20,0,0,99,99
4805,13,535,0,535,99,41,"NSW","Regional","12:00 AM - 6:00 AM",0,1,1,3,42,3,2,3,5,8,0,1,5,0
8330,21,527,0,527,1,35,"VIC","Urban","12:00 PM - 6:00 PM",0,0,1,3,22,2,4,4,4,8,1,0,99,99
1640,5,430,0,430,0,23,"ACT","Regional","6:00 PM - 12:00 AM",1,1,1,3,48,1,4,8,10,18,1,1,5,0
2663,7,971,0,971,0,55,"NSW","Urban","12:00 PM - 6:00 PM",0,1,0,3,18,1,4,0,0,0,0,0,99,99
4342,11,3269,1874,1395,1,21,"SA","Urban","6:00 PM - 12:00 AM",1,1,0,3,89,2,3,9,10,19,1,0,99,99
1005,3,224,0,224,1,35,"VIC","Urban","6:00 AM - 12:00 PM",1,1,0,1,168,1,4,9,4,13,0,0,99,99
9192,23,2138,1034,1104,0,61,"TAS","Urban","6:00 AM - 12:00 PM",0,1,0,3,60,3,3,8,8,16,0,0,99,99
7140,18,780,0,780,0,22,"VIC","Urban","12:00 AM - 6:00 AM",0,1,1,1,54,2,3,6,5,11,0,0,99,99
5998,15,3382,1877,1505,1,39,"NSW","Regional","6:00 PM - 12:00 AM",1,0,0,1,100,1,3,5,7,12,0,0,99,99
7881,20,1088,0,1088,1,69,"NT","Urban","6:00 AM - 12:00 PM",0,0,1,2,13,3,3,3,0,3,0,0,99,99
4573,12,1225,0,1225,0,37,"VIC","Urban","6:00 AM - 12:00 PM",0,1,1,2,136,1,3,6,7,13,0,0,99,99
9758,25,965,0,965,0,71,"NSW","Remote","6:00 PM - 12:00 AM",1,0,0,3,120,2,4,7,7,14,0,0,99,99
4006,11,2409,0,2409,1,35,"TAS","Urban","12:00 AM - 6:00 AM",0,0,0,3,105,1,2,10,10,20,1,0,99,99
8088,21,743,0,743,1,65,"NSW","Remote","6:00 PM - 12:00 AM",0,1,1,2,16,1,3,3,3,6,1,0,99,99
1654,5,2870,1607,1263,0,51,"NSW","Urban","6:00 PM - 12:00 AM",0,0,0,3,114,4,2,4,8,12,0,0,99,99
676,2,3850,2046,1804,1,58,"VIC","Urban","6:00 PM - 12:00 AM",0,1,0,1,36,2,5,1,1,2,0,0,99,99
5661,15,2740,1534,1206,0,57,"NSW","Remote","6:00 PM - 12:00 AM",0,1,0,1,57,1,3,7,5,12,1,1,5,0
6314,16,2991,1627,1364,0,54,"SA","Urban","6:00 AM - 12:00 PM",0,0,0,2,85,1,4,10,10,20,1,1,5,1
5794,15,1472,0,1472,0,27,"VIC","Urban","6:00 AM - 12:00 PM",0,1,0,2,52,3,2,4,7,11,0,0,99,99
2035,6,1037,0,1037,1,73,"VIC","Urban","6:00 AM - 12:00 PM",1,0,0,3,144,1,3,9,7,16,0,0,99,99
4838,13,2827,2247,580,1,42,"NT","Urban","6:00 PM - 12:00 AM",0,1,0,3,103,1,2,9,9,18,0,0,99,99
5708,15,1865,1743,122,0,40,"WA","Urban","6:00 AM - 12:00 PM",0,0,1,3,109,2,4,10,9,19,1,1,5,0
19,1,3387,2250,1137,0,58,"NSW","Urban","12:00 AM - 6:00 AM",1,0,0,1,60,4,3,4,5,9,0,0,99,99
129,1,336,0,336,0,20,"WA","Urban","12:00 AM - 6:00 AM",1,0,1,2,114,1,1,4,3,7,0,0,99,99
4524,12,1819,0,1819,1,23,"VIC","Urban","6:00 PM - 12:00 AM",1,1,1,1,82,2,3,10,10,20,0,0,99,99
1672,5,479,0,479,0,27,"NSW","Urban","6:00 PM - 12:00 AM",1,1,1,3,60,2,3,9,10,19,1,0,99,99
2768,7,1951,1766,185,1,21,"VIC","Urban","6:00 AM - 12:00 PM",1,1,1,3,167,1,3,3,1,4,1,1,5,0
2963,8,1756,0,1756,0,-99,"WA","Urban","6:00 AM - 12:00 PM",1,0,0,3,84,3,2,9,9,18,0,0,99,99
2445,7,980,0,980,1,77,"NSW","Remote","12:00 PM - 6:00 PM",0,1,0,2,67,2,4,8,9,17,0,0,99,99
7691,20,808,0,808,0,41,"QLD","Urban","6:00 AM - 12:00 PM",0,1,1,2,15,3,1,0,0,0,0,0,99,99
5776,15,2528,1875,653,0,24,"QLD","Urban","12:00 PM - 6:00 PM",0,1,0,2,179,1,3,0,0,0,0,0,99,99
3023,8,3454,1677,1777,0,78,"NT","Urban","6:00 AM - 12:00 PM",0,0,0,3,129,1,3,10,8,18,0,0,99,99
851,3,1352,1180,172,1,21,"NSW","Regional","6:00 PM - 12:00 AM",1,0,1,3,84,1,3,6,5,11,0,1,3,0
8875,23,1370,0,1370,1,54,"TAS","Urban","12:00 AM - 6:00 AM",1,1,0,3,171,2,4,3,2,5,0,0,99,99
4160,11,1739,0,1739,0,56,"VIC","Urban","12:00 AM - 6:00 AM",0,1,1,3,113,2,3,9,9,18,1,0,99,99
56,1,4141,2691,1450,1,58,"NSW","Urban","12:00 AM - 6:00 AM",1,0,1,3,108,4,2,10,9,19,0,0,99,99
4380,11,3287,2030,1257,1,24,"QLD","Urban","12:00 AM - 6:00 AM",0,1,1,1,14,3,1,0,0,0,0,0,99,99
6274,16,3587,2601,986,1,19,"TAS","Urban","6:00 PM - 12:00 AM",1,1,1,2,56,1,2,7,4,11,1,0,99,99
3089,8,3056,2184,872,1,44,"VIC","Urban","6:00 PM - 12:00 AM",0,0,0,1,121,1,3,5,2,7,1,0,99,99
5721,15,2025,0,2025,1,60,"NSW","Remote","6:00 PM - 12:00 AM",1,0,0,1,25,1,5,4,8,12,0,0,99,99
3878,10,2064,2064,0,0,65,"NSW","Regional","12:00 PM - 6:00 PM",1,0,0,2,24,2,4,4,5,9,0,1,3,0
6342,16,3492,1730,1762,1,32,"VIC","Urban","12:00 PM - 6:00 PM",0,0,0,3,154,4,2,10,10,20,0,0,99,99
9594,24,1866,1757,109,0,19,"VIC","Urban","6:00 PM - 12:00 AM",1,1,0,3,125,1,4,10,10,20,0,0,99,99
1845,5,357,0,357,1,20,"VIC","Urban","6:00 PM - 12:00 AM",1,1,1,3,144,1,3,9,8,17,1,0,99,99
963,3,335,0,335,0,20,"VIC","Urban","6:00 AM - 12:00 PM",1,1,1,3,174,2,4,7,2,9,0,0,99,99
4343,11,1448,0,1448,1,68,"TAS","Urban","6:00 PM - 12:00 AM",0,1,1,3,107,3,3,8,5,13,1,0,99,99
5379,14,3647,1773,1874,0,72,"TAS","Urban","6:00 PM - 12:00 AM",1,1,0,2,16,2,4,0,1,1,1,0,99,99
9261,24,1591,0,1591,0,35,"NSW","Urban","12:00 AM - 6:00 AM",0,1,1,3,131,2,4,10,10,20,0,0,99,99
3326,9,2722,1963,759,0,32,"NSW","Urban","6:00 PM - 12:00 AM",1,0,1,3,94,1,3,10,10,20,0,0,99,99
9403,24,1923,1923,0,0,30,"NSW","Regional","12:00 AM - 6:00 AM",0,0,1,3,51,3,5,10,7,17,0,0,99,99
5766,15,3289,2021,1268,1,58,"NSW","Remote","6:00 PM - 12:00 AM",1,0,1,3,167,1,4,2,5,7,1,0,99,99
773,2,2068,1748,320,1,35,"NT","Urban","6:00 PM - 12:00 AM",1,1,1,3,150,1,3,10,6,16,0,0,99,99
6617,17,2344,1804,540,1,59,"VIC","Urban","12:00 PM - 6:00 PM",0,1,1,3,34,1,4,4,5,9,0,0,99,99
9138,23,1144,1144,0,0,26,"NSW","Regional","12:00 AM - 6:00 AM",0,1,0,2,20,3,3,4,3,7,1,0,99,99
4758,12,383,0,383,0,35,"VIC","Urban","12:00 PM - 6:00 PM",0,1,0,3,94,2,2,8,7,15,0,0,99,99
4510,12,1456,0,1456,1,41,"VIC","Urban","6:00 PM - 12:00 AM",0,0,1,3,50,2,1,7,4,11,0,0,99,99
2626,7,2853,1412,1441,1,78,"NSW","Regional","12:00 AM - 6:00 AM",0,1,0,2,123,2,4,7,6,13,1,0,99,99
4731,12,1920,1683,237,1,28,"QLD","Urban","6:00 PM - 12:00 AM",0,1,1,3,122,2,4,6,4,10,0,0,99,99
4996,13,2041,1470,571,0,47,"VIC","Urban","6:00 PM - 12:00 AM",1,0,0,3,170,1,2,4,2,6,0,1,2,0
8119,21,1036,0,1036,0,-99,"QLD","Urban","6:00 AM - 12:00 PM",1,1,1,3,68,4,3,10,10,20,1,0,99,99
1004,3,2243,1265,978,0,52,"VIC","Urban","6:00 AM - 12:00 PM",1,1,0,2,144,2,4,10,9,19,1,0,99,99
5643,15,2091,1313,778,0,51,"VIC","Urban","6:00 AM - 12:00 PM",0,0,1,3,48,1,3,6,8,14,0,0,99,99
7115,18,3324,1788,1536,1,29,"NSW","Regional","12:00 AM - 6:00 AM",0,1,1,3,179,2,3,4,4,8,0,0,99,99
7481,19,648,0,648,0,42,"NT","Urban","6:00 AM - 12:00 PM",0,0,0,3,157,4,3,9,10,19,1,0,99,99
3742,10,801,0,801,1,18,"NSW","Regional","6:00 AM - 12:00 PM",0,0,1,3,99,2,3,10,10,20,0,0,99,99
7358,19,2801,1969,832,1,26,"NSW","Regional","12:00 AM - 6:00 AM",1,1,0,3,122,4,3,8,6,14,0,0,99,99
1798,5,196,0,196,1,24,"NSW","Regional","6:00 PM - 12:00 AM",1,1,1,1,126,1,4,8,5,13,1,0,99,99
1143,3,151,0,151,0,25,"NSW","Urban","6:00 AM - 12:00 PM",0,1,1,2,174,1,3,5,8,13,0,0,99,99
6138,16,1285,0,1285,1,67,"SA","Urban","12:00 PM - 6:00 PM",0,1,1,3,138,2,1,3,4,7,0,1,5,0
8416,22,1039,0,1039,1,33,"NSW","Remote","6:00 PM - 12:00 AM",0,1,1,3,31,1,2,3,3,6,0,0,99,99
2205,6,894,0,894,1,45,"VIC","Urban","6:00 AM - 12:00 PM",1,1,1,3,80,1,3,9,10,19,0,0,99,99
2310,6,2727,1744,983,1,63,"SA","Urban","12:00 AM - 6:00 AM",0,0,0,3,78,1,3,10,10,20,0,0,99,99
5695,15,2972,1875,1097,0,-99,"QLD","Urban","12:00 AM - 6:00 AM",1,1,0,1,132,1,4,6,10,16,1,0,99,99
6581,17,2478,1890,588,0,61,"NSW","Urban","6:00 PM - 12:00 AM",1,0,0,3,29,1,3,3,6,9,0,0,99,99
2773,7,671,0,671,1,-99,"WA","Urban","6:00 AM - 12:00 PM",1,1,0,3,32,2,2,4,5,9,1,0,99,99
7818,20,1119,0,1119,0,27,"VIC","Urban","6:00 PM - 12:00 AM",0,0,0,2,23,2,2,2,3,5,0,0,99,99
4885,13,1476,1468,8,1,67,"VIC","Urban","6:00 PM - 12:00 AM",0,0,0,3,16,1,1,6,4,10,0,0,99,99
8709,22,2103,1853,250,0,56,"VIC","Urban","12:00 PM - 6:00 PM",0,0,0,3,71,1,4,10,10,20,0,0,99,99
631,2,3121,1762,1359,0,56,"WA","Urban","6:00 PM - 12:00 AM",1,0,0,3,144,2,2,2,2,4,0,0,99,99
9013,23,849,0,849,1,44,"NSW","Regional","6:00 PM - 12:00 AM",0,1,0,1,62,1,2,4,7,11,0,0,99,99
4603,12,847,0,847,1,40,"NSW","Regional","12:00 AM - 6:00 AM",1,1,1,2,157,2,2,5,3,8,1,0,99,99
3185,8,2407,1620,787,1,52,"NSW","Urban","12:00 AM - 6:00 AM",1,1,1,3,33,1,4,8,8,16,0,0,99,99
8451,22,4193,2385,1808,0,59,"SA","Urban","6:00 PM - 12:00 AM",0,1,0,3,21,2,4,4,2,6,1,0,99,99
2375,6,836,0,836,0,48,"NSW","Regional","12:00 AM - 6:00 AM",0,0,0,1,24,1,3,3,1,4,1,0,99,99
7654,20,2501,1915,586,1,57,"NSW","Remote","6:00 PM - 12:00 AM",0,1,0,3,79,2,2,6,6,12,0,0,99,99
9753,25,1967,0,1967,0,71,"NT","Urban","12:00 AM - 6:00 AM",0,1,0,3,123,1,4,5,4,9,0,0,99,99
655,2,175,0,175,1,56,"ACT","Urban","6:00 PM - 12:00 AM",0,1,1,2,42,1,3,2,1,3,0,0,99,99
7792,20,2561,1678,883,0,66,"WA","Urban","6:00 PM - 12:00 AM",0,0,0,3,56,1,5,9,10,19,0,0,99,99
949,3,481,0,481,0,40,"SA","Urban","6:00 AM - 12:00 PM",1,1,0,1,30,2,3,1,0,1,0,0,99,99
4258,11,1683,1360,323,1,24,"NSW","Regional","6:00 AM - 12:00 PM",0,1,1,1,138,2,3,9,10,19,1,0,99,99
2367,6,1627,1627,0,0,46,"TAS","Urban","6:00 AM - 12:00 PM",0,0,0,3,65,1,4,10,10,20,1,1,4,0
6096,16,2118,1961,157,0,72,"TAS","Urban","6:00 PM - 12:00 AM",0,0,0,3,55,2,5,5,5,10,0,0,99,99
2889,8,2060,1906,154,1,32,"VIC","Urban","6:00 PM - 12:00 AM",1,0,0,3,38,1,3,9,10,19,0,1,1,1
2988,8,3884,1705,2179,0,21,"NSW","Urban","6:00 AM - 12:00 PM",1,1,0,3,126,2,3,10,10,20,0,0,99,99
3779,10,179,0,179,0,66,"VIC","Urban","6:00 AM - 12:00 PM",1,1,0,3,143,2,3,6,2,8,0,0,99,99
9800,25,944,0,944,1,18,"WA","Urban","6:00 AM - 12:00 PM",0,1,1,2,111,2,3,8,10,18,0,1,3,0
7231,19,3492,2468,1024,0,73,"TAS","Urban","6:00 PM - 12:00 AM",1,1,1,3,89,1,3,6,9,15,0,0,99,99
6166,16,2251,1806,445,0,-99,"SA","Urban","12:00 AM - 6:00 AM",0,0,0,2,97,2,2,8,5,13,0,0,99,99
679,2,3598,1872,1726,0,60,"WA","Urban","6:00 PM - 12:00 AM",1,0,0,2,42,2,1,1,1,2,0,0,99,99
5462,14,3443,1759,1684,1,49,"VIC","Urban","6:00 PM - 12:00 AM",0,0,1,1,175,1,2,1,0,1,1,0,99,99
5304,14,389,0,389,1,51,"SA","Urban","12:00 PM - 6:00 PM",0,1,0,3,60,3,3,9,10,19,0,0,99,99
1878,5,3734,2082,1652,1,41,"VIC","Remote","6:00 PM - 12:00 AM",0,1,1,3,138,4,3,8,4,12,0,0,99,99
1689,5,2937,1707,1230,1,46,"NSW","Regional","6:00 PM - 12:00 AM",1,0,0,2,18,1,3,0,1,1,0,0,99,99
3887,10,284,0,284,0,40,"VIC","Urban","6:00 PM - 12:00 AM",0,1,0,3,12,3,2,0,0,0,0,0,99,99
5472,14,1035,0,1035,0,53,"NSW","Urban","6:00 AM - 12:00 PM",1,0,0,2,61,1,3,10,7,17,0,0,99,99
7187,18,678,0,678,0,-99,"SA","Urban","6:00 AM - 12:00 PM",0,0,0,2,118,1,3,10,10,20,0,0,99,99
8477,22,2711,1599,1112,1,55,"WA","Urban","6:00 PM - 12:00 AM",0,0,0,3,152,1,3,6,6,12,0,0,99,99
3212,9,2846,1716,1130,0,32,"VIC","Urban","6:00 AM - 12:00 PM",1,1,0,3,112,1,2,10,9,19,0,0,99,99
8188,21,1512,1512,0,0,66,"WA","Urban","6:00 PM - 12:00 AM",1,1,0,3,158,2,5,7,7,14,0,1,2,1
2564,7,1574,0,1574,0,29,"VIC","Urban","6:00 AM - 12:00 PM",0,1,0,2,91,1,3,6,7,13,0,0,99,99
2361,6,3419,2134,1285,1,66,"VIC","Urban","6:00 PM - 12:00 AM",0,0,1,3,41,1,2,8,4,12,0,0,99,99
332,1,183,0,183,0,21,"VIC","Urban","6:00 PM - 12:00 AM",1,1,0,1,60,1,3,6,9,15,1,0,99,99
9700,25,1173,0,1173,1,44,"SA","Urban","6:00 PM - 12:00 AM",1,0,0,1,14,1,5,0,1,1,1,0,99,99
1797,5,3242,1613,1629,1,59,"SA","Regional","6:00 PM - 12:00 AM",0,0,0,3,168,2,3,2,2,4,0,0,99,99
1608,5,1172,0,1172,1,37,"NSW","Urban","6:00 AM - 12:00 PM",1,0,0,3,168,2,2,7,6,13,1,0,99,99
1297,4,294,0,294,1,23,"NSW","Urban","6:00 AM - 12:00 PM",0,1,0,1,12,1,1,0,0,0,0,0,99,99
9934,25,3964,2416,1548,1,62,"SA","Urban","12:00 AM - 6:00 AM",0,0,0,3,32,1,4,3,6,9,0,0,99,99
3231,9,803,0,803,0,72,"NSW","Regional","6:00 AM - 12:00 PM",0,0,0,3,166,2,3,4,4,8,1,0,99,99
5937,15,2538,2084,454,0,37,"VIC","Urban","6:00 PM - 12:00 AM",0,1,0,3,89,2,2,9,10,19,0,0,99,99
7610,20,3602,1898,1704,1,32,"NSW","Regional","6:00 AM - 12:00 PM",0,1,0,3,144,1,4,8,6,14,1,0,99,99
1112,3,199,0,199,1,56,"VIC","Urban","12:00 PM - 6:00 PM",1,1,0,2,54,1,2,7,8,15,0,1,5,1
4667,12,2711,2316,395,0,31,"VIC","Urban","6:00 AM - 12:00 PM",0,1,0,3,24,1,4,4,3,7,0,0,99,99
66,1,906,0,906,1,27,"WA","Urban","12:00 AM - 6:00 AM",1,1,1,3,36,2,2,0,0,0,0,0,99,99
1626,5,220,0,220,0,41,"ACT","Regional","6:00 PM - 12:00 AM",1,1,1,3,54,1,2,5,6,11,0,0,99,99
6882,18,1397,0,1397,0,51,"NSW","Urban","6:00 PM - 12:00 AM",0,1,0,3,39,1,3,7,8,15,0,0,99,99
9171,23,1280,0,1280,1,68,"VIC","Urban","6:00 AM - 12:00 PM",0,1,1,2,123,2,2,5,8,13,0,0,99,99
6733,17,3104,1802,1302,0,60,"NSW","Regional","6:00 AM - 12:00 PM",0,1,0,3,75,2,4,7,7,14,0,1,2,0
5298,14,1069,0,1069,0,23,"QLD","Urban","6:00 PM - 12:00 AM",0,1,1,3,128,2,4,6,7,13,1,0,99,99
7176,18,3438,2543,895,0,77,"TAS","Urban","6:00 AM - 12:00 PM",0,1,0,1,68,1,3,5,7,12,0,0,99,99
9892,25,2649,1479,1170,1,71,"NT","Urban","12:00 PM - 6:00 PM",0,0,0,2,70,1,3,10,9,19,0,1,2,0
578,2,413,0,413,1,29,"NSW","Urban","6:00 PM - 12:00 AM",1,1,1,2,156,1,2,9,4,13,0,0,99,99
1369,4,3552,1808,1744,0,50,"VIC","Urban","12:00 PM - 6:00 PM",0,0,0,1,84,3,2,8,8,16,1,0,99,99
8512,22,600,0,600,1,75,"NSW","Regional","6:00 PM - 12:00 AM",0,1,1,3,154,1,4,4,5,9,1,0,99,99
2767,7,1897,1434,463,0,55,"VIC","Urban","6:00 PM - 12:00 AM",1,0,1,3,21,1,2,1,2,3,0,0,99,99
2346,6,4083,1782,2301,1,-99,"NSW","Regional","6:00 AM - 12:00 PM",1,0,0,1,140,3,4,9,10,19,0,1,4,0
8278,21,646,0,646,1,36,"NT","Urban","6:00 PM - 12:00 AM",1,1,0,3,117,1,2,8,6,14,0,0,99,99
2930,8,845,0,845,0,54,"VIC","Urban","12:00 PM - 6:00 PM",0,0,0,3,13,4,2,0,2,2,0,1,0,1
2783,7,2558,1729,829,1,56,"VIC","Urban","12:00 PM - 6:00 PM",0,1,1,3,42,2,3,4,6,10,0,0,99,99
4536,12,3469,2080,1389,0,61,"WA","Urban","12:00 AM - 6:00 AM",0,0,1,3,104,2,2,7,6,13,0,0,99,99
3977,10,1393,1393,0,99,27,"NSW","Regional","6:00 PM - 12:00 AM",0,1,0,1,87,3,3,9,10,19,1,0,99,99
4893,13,1435,0,1435,0,55,"VIC","Urban","6:00 AM - 12:00 PM",0,1,1,3,14,4,3,0,2,2,0,0,99,99
538,2,3942,1956,1986,1,52,"NT","Remote","6:00 PM - 12:00 AM",0,0,1,2,126,4,3,9,5,14,1,0,99,99
7546,19,2980,1629,1351,0,70,"VIC","Urban","6:00 AM - 12:00 PM",0,1,1,3,147,3,3,8,8,16,0,0,99,99
4505,12,3825,2002,1823,0,51,"WA","Urban","6:00 AM - 12:00 PM",0,1,0,3,33,1,4,4,4,8,1,0,99,99
5828,15,2979,1713,1266,1,58,"NSW","Remote","6:00 PM - 12:00 AM",0,1,1,3,12,1,2,1,1,2,0,0,99,99
9169,23,751,0,751,0,71,"VIC","Urban","6:00 PM - 12:00 AM",1,1,0,2,33,4,5,8,9,17,0,0,99,99
3831,10,173,0,173,1,44,"VIC","Urban","6:00 AM - 12:00 PM",0,0,1,2,152,3,2,9,7,16,1,1,2,0
6153,16,2490,1779,711,1,33,"VIC","Urban","6:00 AM - 12:00 PM",1,1,0,3,110,1,3,10,10,20,0,0,99,99
6971,18,2883,1631,1252,0,65,"NSW","Urban","6:00 PM - 12:00 AM",0,0,0,3,77,1,2,10,10,20,0,0,99,99
7329,19,899,0,899,1,39,"NSW","Urban","6:00 PM - 12:00 AM",0,1,0,1,32,1,2,1,4,5,0,1,4,0
4610,12,1963,1963,0,0,66,"NSW","Urban","12:00 AM - 6:00 AM",1,1,0,3,100,1,3,8,8,16,1,0,99,99
1519,4,1741,1574,167,0,27,"QLD","Regional","6:00 AM - 12:00 PM",1,1,0,3,12,2,2,0,0,0,0,0,99,99
468,2,330,0,330,1,23,"QLD","Urban","6:00 PM - 12:00 AM",0,1,1,3,156,1,3,6,6,12,1,0,99,99
7794,20,2763,2083,680,1,69,"NSW","Urban","6:00 AM - 12:00 PM",1,1,0,1,15,4,4,0,0,0,0,0,99,99
3695,10,1979,1979,0,1,53,"WA","Urban","6:00 PM - 12:00 AM",1,0,1,3,146,3,2,8,10,18,1,0,99,99
9949,25,1167,0,1167,1,20,"VIC","Urban","6:00 AM - 12:00 PM",0,1,0,3,93,1,3,5,5,10,0,0,99,99
4216,11,1389,0,1389,0,23,"TAS","Urban","6:00 AM - 12:00 PM",1,1,0,3,48,3,3,10,7,17,0,0,99,99
75,1,389,0,389,0,20,"NSW","Urban","12:00 AM - 6:00 AM",0,1,0,3,120,2,3,2,5,7,0,0,99,99
6167,16,738,0,738,1,63,"VIC","Urban","12:00 AM - 6:00 AM",0,0,0,3,20,2,5,1,1,2,1,1,2,0
1843,5,3349,1739,1610,1,56,"NSW","Urban","6:00 PM - 12:00 AM",0,0,1,2,120,1,3,10,10,20,1,1,5,0
797,2,4048,2049,1999,1,57,"NSW","Regional","6:00 PM - 12:00 AM",0,0,0,2,90,1,4,10,10,20,1,0,99,99
7193,18,2821,1414,1407,0,31,"QLD","Urban","12:00 AM - 6:00 AM",0,1,0,3,167,2,4,4,7,11,0,0,99,99
5446,14,2317,1557,760,99,32,"VIC","Urban","6:00 PM - 12:00 AM",1,0,0,1,98,3,2,9,8,17,1,0,99,99
2745,7,2697,1776,921,0,34,"WA","Urban","6:00 AM - 12:00 PM",0,0,0,3,136,1,2,7,9,16,0,0,99,99
8692,22,1350,0,1350,0,22,"QLD","Urban","6:00 PM - 12:00 AM",1,1,0,3,92,4,3,9,6,15,0,0,99,99
9632,25,1319,0,1319,0,77,"VIC","Urban","6:00 AM - 12:00 PM",0,1,0,1,171,2,3,0,0,0,0,0,99,99
7241,19,4066,2379,1687,0,23,"NSW","Regional","6:00 PM - 12:00 AM",0,0,0,2,79,1,2,10,6,16,0,0,99,99
5560,14,3523,2064,1459,99,71,"NSW","Regional","6:00 PM - 12:00 AM",0,1,1,1,100,1,4,7,8,15,0,0,99,99
7817,20,716,0,716,0,50,"NSW","Remote","6:00 PM - 12:00 AM",0,0,1,3,113,3,4,10,10,20,0,0,99,99
9127,23,308,0,308,1,44,"SA","Urban","6:00 AM - 12:00 PM",0,1,1,2,82,1,3,10,10,20,0,0,99,99
2018,6,4121,1801,2320,0,60,"NT","Urban","6:00 PM - 12:00 AM",0,0,1,3,47,1,1,7,6,13,1,0,99,99
8384,21,2507,1887,620,1,51,"NSW","Urban","6:00 AM - 12:00 PM",0,0,0,3,36,1,3,3,3,6,0,0,99,99
467,2,4606,2444,2162,1,46,"QLD","Regional","6:00 PM - 12:00 AM",1,0,1,1,30,2,4,3,3,6,0,0,99,99
4144,11,1125,0,1125,1,35,"VIC","Urban","6:00 PM - 12:00 AM",1,1,1,1,89,2,4,10,10,20,0,0,99,99
4137,11,1135,0,1135,0,57,"NSW","Urban","6:00 AM - 12:00 PM",0,1,1,2,122,4,3,10,10,20,0,0,99,99
395,1,1446,1241,205,0,34,"NSW","Remote","6:00 PM - 12:00 AM",1,1,0,2,72,2,2,1,4,5,0,1,1,1
3536,9,309,0,309,0,58,"TAS","Urban","6:00 AM - 12:00 PM",0,1,1,3,31,4,2,2,0,2,1,0,99,99
5940,15,3019,1553,1466,0,43,"NSW","Urban","6:00 AM - 12:00 PM",1,1,1,3,33,1,3,5,5,10,0,0,99,99
5431,14,2058,1861,197,1,24,"NSW","Regional","6:00 PM - 12:00 AM",1,1,1,2,137,2,3,9,10,19,1,0,99,99
5378,14,2289,2124,165,0,45,"NSW","Remote","6:00 AM - 12:00 PM",1,1,0,2,152,2,3,7,7,14,0,0,99,99
5266,14,2875,2032,843,0,31,"WA","Urban","12:00 AM - 6:00 AM",0,1,1,3,24,2,4,0,2,2,0,0,99,99
2636,7,2901,1736,1165,1,43,"NT","Urban","6:00 AM - 12:00 PM",1,0,1,2,35,1,3,3,0,3,0,1,1,0
783,2,4222,2584,1638,1,60,"NSW","Regional","6:00 PM - 12:00 AM",0,0,0,1,108,1,4,10,9,19,1,0,99,99
8620,22,2081,2081,0,1,45,"VIC","Urban","6:00 AM - 12:00 PM",1,1,0,3,52,1,2,7,6,13,0,0,99,99
3486,9,2556,1966,590,0,32,"NSW","Remote","6:00 PM - 12:00 AM",1,1,0,3,52,4,2,8,5,13,0,0,99,99
8957,23,1968,1528,440,0,24,"NSW","Urban","12:00 PM - 6:00 PM",1,0,0,2,180,1,5,0,0,0,0,0,99,99
479,2,178,0,178,1,44,"NSW","Urban","6:00 PM - 12:00 AM",1,1,1,2,162,1,2,3,2,5,0,0,99,99
9055,23,1463,0,1463,0,75,"NSW","Urban","12:00 AM - 6:00 AM",0,0,0,3,137,1,4,10,10,20,0,0,99,99
4316,11,2522,2001,521,1,29,"NT","Urban","6:00 AM - 12:00 PM",1,0,0,2,48,1,4,8,6,14,0,0,99,99
6215,16,2921,1035,1886,1,25,"VIC","Urban","6:00 PM - 12:00 AM",1,1,0,3,167,2,2,3,2,5,1,0,99,99
2864,8,3410,2172,1238,1,64,"QLD","Urban","12:00 AM - 6:00 AM",1,1,1,3,83,1,4,10,8,18,0,0,99,99
6296,16,1564,1564,0,1,52,"NT","Urban","6:00 AM - 12:00 PM",1,0,0,3,32,2,4,2,3,5,0,0,99,99
753,2,4461,2163,2298,0,41,"NSW","Regional","6:00 PM - 12:00 AM",0,0,0,2,12,4,4,7,4,11,0,0,99,99
8715,22,2164,1732,432,1,25,"NSW","Remote","6:00 PM - 12:00 AM",1,1,1,2,141,2,5,10,10,20,1,1,3,0
5719,15,4093,1468,2625,1,47,"VIC","Urban","12:00 PM - 6:00 PM",1,1,1,3,153,2,4,5,3,8,1,0,99,99
9530,24,3236,2120,1116,1,24,"SA","Urban","12:00 AM - 6:00 AM",0,1,0,3,150,1,3,8,8,16,0,0,99,99
169,1,501,0,501,1,34,"NSW","Urban","12:00 PM - 6:00 PM",1,1,0,3,120,1,3,9,8,17,1,0,99,99
8912,23,1437,0,1437,1,34,"NSW","Urban","6:00 PM - 12:00 AM",0,1,0,3,14,2,3,4,6,10,0,0,99,99
3416,9,1981,1890,91,1,39,"NSW","Regional","6:00 PM - 12:00 AM",1,1,1,3,168,1,2,3,1,4,0,0,99,99
3090,8,2082,2082,0,1,70,"NSW","Regional","6:00 PM - 12:00 AM",0,1,0,3,40,1,4,3,5,8,0,0,99,99
465,2,3448,1628,1820,0,50,"NSW","Urban","6:00 PM - 12:00 AM",0,0,1,3,90,2,3,10,10,20,1,0,99,99
8394,21,1161,0,1161,1,36,"SA","Urban","6:00 PM - 12:00 AM",0,0,1,2,145,2,2,6,9,15,0,0,99,99
9287,24,2606,1901,705,0,61,"SA","Urban","6:00 AM - 12:00 PM",1,0,1,3,37,2,3,4,6,10,0,0,99,99
2699,7,2830,2001,829,0,45,"NSW","Regional","6:00 AM - 12:00 PM",0,1,1,3,136,2,3,6,6,12,0,0,99,99
1240,4,1198,0,1198,0,39,"TAS","Urban","6:00 AM - 12:00 PM",0,1,1,3,78,2,3,8,10,18,0,0,99,99
4338,11,4050,2068,1982,1,24,"WA","Urban","6:00 PM - 12:00 AM",0,0,0,3,174,1,3,9,9,18,1,0,99,99
2550,7,576,0,576,1,26,"WA","Urban","6:00 AM - 12:00 PM",1,1,1,3,143,2,4,5,5,10,0,0,99,99
6829,18,3655,2263,1392,0,75,"VIC","Urban","6:00 AM - 12:00 PM",1,0,1,3,90,2,2,5,8,13,1,1,3,0
8707,22,256,0,256,1,45,"NSW","Regional","12:00 AM - 6:00 AM",0,1,0,3,127,4,2,6,7,13,0,0,99,99
5968,15,3784,2135,1649,1,70,"NSW","Remote","6:00 AM - 12:00 PM",0,1,0,3,26,1,3,3,0,3,1,0,99,99
2226,6,2639,1882,757,0,21,"WA","Urban","12:00 AM - 6:00 AM",0,1,0,3,140,1,3,5,3,8,0,0,99,99
1920,5,4485,2306,2179,1,54,"NSW","Urban","6:00 PM - 12:00 AM",1,0,0,2,54,4,4,3,3,6,0,1,3,0
2090,6,2340,1818,522,1,58,"NSW","Regional","6:00 AM - 12:00 PM",1,0,1,1,24,1,1,4,3,7,1,0,99,99
2903,8,721,0,721,1,66,"NSW","Remote","6:00 PM - 12:00 AM",1,1,0,3,76,1,2,8,10,18,0,0,99,99
7642,20,1507,1495,12,0,75,"VIC","Urban","6:00 AM - 12:00 PM",0,0,0,3,19,1,5,2,0,2,1,0,99,99
3238,9,3951,2816,1135,1,73,"SA","Urban","6:00 AM - 12:00 PM",0,1,1,1,99,2,3,9,10,19,0,0,99,99
2154,6,676,0,676,0,35,"VIC","Urban","6:00 AM - 12:00 PM",0,1,0,3,13,2,2,0,0,0,1,0,99,99
7989,20,1499,1169,330,1,36,"VIC","Urban","6:00 AM - 12:00 PM",0,1,0,2,65,1,1,8,10,18,1,0,99,99
6531,17,297,0,297,1,73,"VIC","Urban","6:00 PM - 12:00 AM",1,1,0,2,171,2,3,3,1,4,0,0,99,99
6137,16,9,0,9,0,31,"TAS","Urban","6:00 AM - 12:00 PM",1,0,0,3,133,2,2,3,4,7,1,0,99,99
7741,20,1752,1752,0,1,61,"SA","Urban","6:00 PM - 12:00 AM",1,0,0,3,159,2,4,5,4,9,1,0,99,99
1463,4,3110,1698,1412,1,59,"SA","Regional","6:00 AM - 12:00 PM",0,0,0,3,138,3,3,10,6,16,1,1,5,0
7952,20,2896,2191,705,0,65,"VIC","Urban","12:00 AM - 6:00 AM",0,0,0,3,170,2,3,10,8,18,1,0,99,99
9445,24,1539,0,1539,0,54,"NSW","Urban","6:00 PM - 12:00 AM",0,1,0,3,96,3,4,10,10,20,0,0,99,99
8176,21,1228,0,1228,0,18,"NSW","Regional","6:00 PM - 12:00 AM",1,0,0,1,167,1,3,2,3,5,1,0,99,99
1193,3,218,0,218,0,37,"ACT","Urban","6:00 AM - 12:00 PM",0,1,0,1,108,1,1,9,7,16,0,0,99,99
8348,21,2513,1684,829,1,68,"WA","Urban","12:00 PM - 6:00 PM",1,1,1,3,46,1,2,9,9,18,0,0,99,99
5449,14,1976,1291,685,0,20,"NSW","Urban","12:00 AM - 6:00 AM",0,1,1,3,111,1,3,10,10,20,0,1,1,1
7161,18,3384,1683,1701,0,76,"VIC","Urban","12:00 AM - 6:00 AM",1,1,0,1,90,1,3,10,10,20,0,0,99,99
790,2,1128,0,1128,0,33,"VIC","Urban","6:00 PM - 12:00 AM",1,1,0,2,96,2,4,8,8,16,1,0,99,99
8973,23,1990,0,1990,1,65,"VIC","Urban","12:00 AM - 6:00 AM",0,0,1,3,160,2,3,9,10,19,0,0,99,99
3633,10,1440,0,1440,0,61,"TAS","Urban","12:00 PM - 6:00 PM",0,1,1,2,73,2,4,7,7,14,0,1,5,0
3818,10,3361,1836,1525,0,34,"NSW","Remote","6:00 AM - 12:00 PM",0,1,0,1,18,2,3,3,5,8,1,0,99,99
2217,6,411,0,411,0,21,"NSW","Urban","6:00 PM - 12:00 AM",0,1,1,1,81,1,3,6,9,15,1,0,99,99
1754,5,143,0,143,1,59,"QLD","Urban","6:00 PM - 12:00 AM",0,1,0,2,66,1,3,8,10,18,0,0,99,99
3781,10,1279,0,1279,1,37,"VIC","Urban","6:00 AM - 12:00 PM",1,0,1,3,18,3,3,4,6,10,0,0,99,99
5302,14,1784,1784,0,0,62,"QLD","Urban","6:00 PM - 12:00 AM",0,1,0,3,101,1,2,5,3,8,0,1,5,0
6561,17,869,0,869,1,32,"QLD","Urban","6:00 AM - 12:00 PM",0,1,0,3,79,1,2,8,8,16,0,0,99,99
9356,24,519,0,519,1,-99,"VIC","Urban","6:00 PM - 12:00 AM",1,1,1,2,28,1,4,8,6,14,1,0,99,99
7840,20,1038,0,1038,0,62,"QLD","Urban","6:00 AM - 12:00 PM",1,1,1,1,171,2,2,3,5,8,0,0,99,99
98,1,448,0,448,1,21,"NSW","Urban","12:00 AM - 6:00 AM",0,0,0,3,132,1,3,10,10,20,1,0,99,99
7949,20,3458,2020,1438,0,69,"VIC","Urban","6:00 AM - 12:00 PM",1,1,0,3,155,1,3,9,7,16,0,0,99,99
3690,10,2761,1739,1022,1,23,"WA","Urban","6:00 AM - 12:00 PM",0,0,1,3,25,1,2,0,0,0,0,0,99,99
7199,18,2535,2368,167,99,44,"WA","Urban","6:00 PM - 12:00 AM",0,0,0,3,130,2,3,10,10,20,0,0,99,99
2047,6,1327,0,1327,0,46,"TAS","Urban","6:00 PM - 12:00 AM",1,1,0,3,37,2,4,2,2,4,1,0,99,99
168,1,2934,1892,1042,0,47,"NSW","Urban","12:00 AM - 6:00 AM",0,0,1,3,138,3,2,6,1,7,0,0,99,99
6506,17,1016,0,1016,1,39,"VIC","Urban","6:00 AM - 12:00 PM",1,1,0,2,85,2,3,10,10,20,0,0,99,99
196,1,1257,0,1257,0,30,"TAS","Regional","12:00 AM - 6:00 AM",1,1,1,3,150,1,2,1,5,6,0,1,2,1
3675,10,972,0,972,1,23,"SA","Urban","6:00 PM - 12:00 AM",1,1,0,2,131,2,2,5,4,9,0,0,99,99
2560,7,93,0,93,0,46,"NSW","Remote","6:00 PM - 12:00 AM",0,0,1,3,37,2,3,10,8,18,0,0,99,99
3813,10,79,0,79,0,64,"VIC","Urban","6:00 PM - 12:00 AM",1,1,0,3,141,4,3,6,2,8,0,1,3,0
885,3,1295,0,1295,1,57,"QLD","Urban","6:00 AM - 12:00 PM",0,0,0,3,90,1,2,8,9,17,0,0,99,99
5134,13,1149,0,1149,0,35,"WA","Urban","6:00 AM - 12:00 PM",0,1,1,3,127,2,4,6,6,12,0,1,1,0
1429,4,2087,1621,466,0,38,"NSW","Regional","6:00 AM - 12:00 PM",0,0,0,1,18,1,4,8,7,15,0,0,99,99
9707,25,3161,2124,1037,0,31,"VIC","Urban","6:00 AM - 12:00 PM",0,0,0,3,116,2,2,8,8,16,0,1,4,0
1191,3,1266,1114,152,1,21,"SA","Urban","12:00 PM - 6:00 PM",0,1,0,3,12,2,1,2,0,2,0,0,99,99
6119,16,3165,2103,1062,0,42,"NT","Urban","6:00 AM - 12:00 PM",1,1,0,1,124,2,2,8,8,16,0,0,99,99
9717,25,1003,0,1003,1,54,"NSW","Regional","6:00 PM - 12:00 AM",1,1,1,3,94,1,3,10,10,20,1,0,99,99
4099,11,1935,1935,0,1,-99,"QLD","Urban","6:00 AM - 12:00 PM",0,1,1,3,172,2,3,1,1,2,1,0,99,99
4352,11,687,0,687,1,41,"VIC","Urban","6:00 PM - 12:00 AM",0,1,0,3,38,2,3,3,5,8,0,0,99,99
906,3,2261,2133,128,1,53,"TAS","Urban","6:00 AM - 12:00 PM",0,0,0,3,24,2,2,8,3,11,0,0,99,99
5100,13,3637,2640,997,1,39,"TAS","Urban","6:00 PM - 12:00 AM",1,1,0,3,89,2,3,9,8,17,0,0,99,99
1774,5,1612,1366,246,0,45,"NSW","Urban","6:00 PM - 12:00 AM",1,1,0,1,84,2,2,9,10,19,0,0,99,99
3661,10,3812,2187,1625,0,39,"NSW","Urban","6:00 PM - 12:00 AM",0,0,0,3,85,1,3,10,10,20,0,0,99,99
6756,17,1734,1734,0,0,54,"NSW","Regional","6:00 AM - 12:00 PM",1,1,0,2,177,3,2,3,4,7,1,0,99,99
483,2,1445,1240,205,1,33,"NSW","Urban","6:00 PM - 12:00 AM",1,1,1,3,78,2,2,3,3,6,0,0,99,99
4794,12,3104,1468,1636,1,78,"VIC","Urban","6:00 AM - 12:00 PM",0,1,0,3,49,2,3,7,5,12,0,0,99,99
6490,17,467,0,467,1,-99,"SA","Urban","6:00 PM - 12:00 AM",0,1,1,3,124,2,4,9,10,19,1,0,99,99
7502,19,3272,2389,883,0,63,"NSW","Remote","12:00 PM - 6:00 PM",1,1,1,3,162,2,2,9,9,18,1,0,99,99
3149,8,2486,1643,843,0,38,"NSW","Urban","6:00 AM - 12:00 PM",1,0,1,3,36,1,3,2,4,6,0,0,99,99
9924,25,2988,2093,895,0,54,"VIC","Urban","6:00 PM - 12:00 AM",0,1,0,3,162,1,2,4,5,9,0,0,99,99
7697,20,2340,1788,552,1,43,"NSW","Urban","6:00 PM - 12:00 AM",0,1,0,3,38,1,3,10,8,18,0,0,99,99
8776,22,3014,1651,1363,1,66,"SA","Urban","12:00 PM - 6:00 PM",1,0,0,3,88,2,3,7,10,17,1,0,99,99
7773,20,2743,1861,882,0,63,"VIC","Urban","12:00 AM - 6:00 AM",0,1,0,3,32,2,2,3,4,7,0,0,99,99
1075,3,1341,1121,220,1,24,"VIC","Regional","6:00 AM - 12:00 PM",1,1,1,3,36,2,3,5,5,10,0,0,99,99
6774,17,209,0,209,1,55,"TAS","Urban","12:00 AM - 6:00 AM",1,1,0,3,57,1,2,9,10,19,0,0,99,99
2898,8,984,0,984,1,53,"NSW","Regional","12:00 AM - 6:00 AM",1,1,1,3,62,1,3,8,5,13,0,0,99,99
187,1,3816,2198,1618,0,44,"NT","Urban","12:00 AM - 6:00 AM",0,0,0,3,120,1,1,4,4,8,0,0,99,99
922,3,555,0,555,0,22,"WA","Urban","6:00 AM - 12:00 PM",0,0,1,3,36,1,3,8,9,17,1,0,99,99
5863,15,2369,2029,340,0,25,"TAS","Urban","6:00 PM - 12:00 AM",0,1,1,3,74,2,3,7,6,13,1,0,99,99
3739,10,454,0,454,1,66,"NSW","Regional","6:00 PM - 12:00 AM",1,1,0,3,108,1,2,5,5,10,0,0,99,99
5436,14,1968,1308,660,0,68,"NSW","Regional","6:00 PM - 12:00 AM",0,0,1,2,17,1,3,3,4,7,1,1,5,1
1408,4,1540,1234,306,1,27,"ACT","Regional","6:00 AM - 12:00 PM",1,0,0,3,84,2,4,3,5,8,0,1,1,1
3738,10,1691,0,1691,0,71,"QLD","Urban","6:00 PM - 12:00 AM",0,1,0,1,29,2,2,0,3,3,0,0,99,99
1364,4,1475,1181,294,0,26,"NSW","Urban","6:00 AM - 12:00 PM",0,1,0,3,156,1,4,9,8,17,1,0,99,99
5613,15,2485,2045,440,0,28,"VIC","Urban","6:00 PM - 12:00 AM",0,0,0,1,35,1,1,3,1,4,1,0,99,99
4289,11,1368,0,1368,1,72,"QLD","Urban","6:00 AM - 12:00 PM",1,0,0,3,158,1,2,9,7,16,0,0,99,99
4945,13,3183,2230,953,1,28,"NSW","Regional","6:00 PM - 12:00 AM",0,1,0,3,114,1,2,10,10,20,1,1,3,0
4713,12,534,0,534,0,57,"NSW","Remote","6:00 AM - 12:00 PM",0,0,1,2,129,2,3,5,6,11,1,0,99,99
9309,24,3677,2160,1517,0,75,"WA","Urban","6:00 PM - 12:00 AM",1,1,0,3,100,2,3,8,10,18,1,0,99,99
4148,11,897,0,897,99,39,"VIC","Urban","6:00 AM - 12:00 PM",0,1,0,3,141,1,1,6,9,15,0,0,99,99
9757,25,2436,1394,1042,0,48,"NT","Urban","6:00 AM - 12:00 PM",0,0,0,2,126,1,2,7,7,14,0,0,99,99
4402,12,160,0,160,0,72,"VIC","Urban","6:00 PM - 12:00 AM",1,0,1,3,123,3,1,5,6,11,0,0,99,99
2458,7,2785,1320,1465,1,65,"TAS","Urban","6:00 PM - 12:00 AM",1,1,0,3,157,1,3,6,6,12,1,0,99,99
1427,4,2901,1617,1284,1,55,"NSW","Regional","6:00 AM - 12:00 PM",0,1,1,3,162,4,2,5,4,9,0,0,99,99
6866,18,1353,0,1353,0,22,"WA","Urban","12:00 AM - 6:00 AM",1,0,1,2,153,2,2,4,10,14,0,0,99,99
8881,23,1853,0,1853,1,70,"NSW","Remote","6:00 PM - 12:00 AM",0,1,1,3,72,1,3,7,6,13,0,0,99,99
7590,19,446,0,446,1,69,"TAS","Urban","6:00 PM - 12:00 AM",0,1,1,2,88,1,3,10,7,17,1,0,99,99
9135,23,1375,0,1375,0,36,"NT","Urban","6:00 PM - 12:00 AM",0,1,1,3,94,3,1,9,9,18,0,0,99,99
9133,23,1300,0,1300,1,-99,"NT","Urban","6:00 AM - 12:00 PM",0,1,0,3,46,2,4,5,7,12,0,0,99,99
6834,18,2571,1460,1111,1,19,"SA","Urban","6:00 PM - 12:00 AM",1,1,1,3,84,1,3,7,8,15,0,0,99,99
4883,13,194,0,194,0,67,"NSW","Regional","6:00 PM - 12:00 AM",1,0,1,2,164,1,2,4,4,8,0,0,99,99
257,1,2223,1807,416,1,39,"NT","Urban","12:00 AM - 6:00 AM",1,0,0,3,108,1,3,8,8,16,1,0,99,99
7871,20,1331,0,1331,0,58,"VIC","Urban","6:00 AM - 12:00 PM",0,0,0,3,54,1,4,9,8,17,0,1,3,0
4032,11,2158,1182,976,1,41,"NSW","Urban","6:00 PM - 12:00 AM",1,0,0,3,41,1,3,3,4,7,0,1,3,1
1558,4,4463,2650,1813,1,53,"ACT","Urban","12:00 PM - 6:00 PM",0,0,1,3,84,2,3,10,10,20,1,1,5,0
1224,4,833,0,833,1,30,"TAS","Urban","12:00 PM - 6:00 PM",1,1,0,2,66,1,3,5,5,10,1,0,99,99
464,2,3548,1790,1758,1,53,"ACT","Regional","6:00 PM - 12:00 AM",1,0,0,3,132,1,3,5,5,10,0,0,99,99
6079,16,1173,0,1173,1,38,"NSW","Urban","6:00 PM - 12:00 AM",0,1,1,3,37,2,4,5,5,10,0,0,99,99
3941,10,447,0,447,0,42,"NSW","Remote","6:00 PM - 12:00 AM",0,0,1,3,63,2,4,10,10,20,0,0,99,99
9900,25,2796,2108,688,0,60,"TAS","Urban","6:00 AM - 12:00 PM",0,0,1,1,55,1,4,5,6,11,0,0,99,99
70,1,425,0,425,1,23,"VIC","Urban","12:00 AM - 6:00 AM",0,1,1,2,132,1,3,5,9,14,1,0,99,99
6537,17,1184,0,1184,0,25,"NSW","Regional","6:00 AM - 12:00 PM",0,1,0,3,55,2,4,2,2,4,0,0,99,99
8752,22,2584,2282,302,1,38,"TAS","Urban","12:00 PM - 6:00 PM",0,1,1,3,89,4,3,10,10,20,0,0,99,99
2784,7,2980,1904,1076,0,28,"NSW","Remote","6:00 AM - 12:00 PM",0,0,1,1,158,2,1,6,3,9,1,0,99,99
5395,14,3241,1430,1811,0,77,"VIC","Urban","6:00 PM - 12:00 AM",1,1,1,3,90,2,2,5,3,8,0,0,99,99
8909,23,1823,1743,80,0,59,"NSW","Urban","6:00 AM - 12:00 PM",0,1,0,2,20,2,3,0,0,0,1,0,99,99
4528,12,1202,0,1202,1,65,"VIC","Urban","12:00 PM - 6:00 PM",1,1,0,2,32,2,4,4,2,6,0,0,99,99
5962,15,460,0,460,1,66,"NSW","Remote","6:00 AM - 12:00 PM",1,1,1,3,15,1,3,0,0,0,0,0,99,99
3937,10,1484,1484,0,1,45,"VIC","Urban","6:00 AM - 12:00 PM",1,1,1,3,84,2,4,8,9,17,0,0,99,99
2658,7,2644,1761,883,0,52,"WA","Urban","12:00 PM - 6:00 PM",0,1,1,3,129,2,2,5,1,6,0,0,99,99
3248,9,744,0,744,1,43,"NT","Urban","6:00 PM - 12:00 AM",1,1,0,1,36,2,3,2,1,3,1,0,99,99
5284,14,2781,1604,1177,1,49,"WA","Urban","6:00 AM - 12:00 PM",0,1,0,1,23,3,3,4,7,11,0,1,2,1
6447,17,938,0,938,1,49,"VIC","Urban","6:00 AM - 12:00 PM",0,1,1,2,54,2,3,8,8,16,0,0,99,99
3595,9,2890,2190,700,1,68,"NT","Urban","6:00 PM - 12:00 AM",0,1,0,1,158,2,3,5,7,12,0,0,99,99
7758,20,104,0,104,1,75,"NSW","Regional","6:00 PM - 12:00 AM",1,1,1,3,124,1,2,5,7,12,0,0,99,99
5500,14,1502,1025,477,1,23,"VIC","Urban","6:00 PM - 12:00 AM",0,1,0,1,127,2,3,6,6,12,1,0,99,99
5350,14,555,0,555,1,63,"VIC","Urban","12:00 AM - 6:00 AM",1,1,1,3,42,1,3,8,5,13,1,0,99,99
9037,23,203,0,203,1,56,"NT","Urban","6:00 PM - 12:00 AM",1,0,1,2,108,4,3,10,9,19,0,0,99,99
5756,15,2580,1930,650,0,22,"QLD","Urban","6:00 PM - 12:00 AM",1,0,1,1,155,3,3,4,5,9,0,0,99,99
5306,14,3864,2612,1252,0,33,"NSW","Regional","6:00 AM - 12:00 PM",0,1,1,3,54,1,2,4,10,14,0,0,99,99
5370,14,2893,0,2893,0,51,"VIC","Urban","6:00 AM - 12:00 PM",0,0,0,3,148,1,3,6,5,11,0,0,99,99
2668,7,2234,2166,68,0,24,"QLD","Urban","6:00 AM - 12:00 PM",1,1,0,3,92,1,2,8,7,15,0,0,99,99
5912,15,3258,2232,1026,1,72,"NSW","Urban","6:00 AM - 12:00 PM",1,0,1,2,106,2,3,5,7,12,0,0,99,99
9958,25,1853,1853,0,1,75,"NSW","Urban","6:00 PM - 12:00 AM",0,1,0,3,50,2,3,8,6,14,0,0,99,99
1836,5,328,0,328,1,24,"NSW","Urban","6:00 PM - 12:00 AM",1,1,1,3,18,1,4,1,0,1,0,0,99,99
3843,10,169,0,169,0,42,"NSW","Regional","6:00 PM - 12:00 AM",1,1,0,2,117,3,3,5,6,11,0,0,99,99
6431,17,1565,0,1565,0,47,"NSW","Urban","6:00 PM - 12:00 AM",0,1,0,3,163,1,4,3,3,6,0,0,99,99
960,3,279,0,279,1,23,"VIC","Urban","6:00 AM - 12:00 PM",1,1,0,3,12,1,3,0,0,0,0,0,99,99
32,1,395,0,395,1,24,"NT","Urban","12:00 AM - 6:00 AM",0,1,1,2,30,2,3,0,0,0,0,0,99,99
8163,21,2031,1504,527,1,54,"NSW","Regional","6:00 PM - 12:00 AM",1,1,0,2,140,3,2,7,10,17,0,0,99,99
5965,15,2487,1858,629,0,65,"NT","Urban","6:00 PM - 12:00 AM",1,1,0,3,57,1,3,7,8,15,0,1,3,0
811,3,3117,1785,1332,0,49,"QLD","Regional","6:00 PM - 12:00 AM",0,0,1,3,84,4,4,10,10,20,1,0,99,99
9042,23,2495,1504,991,0,20,"TAS","Urban","6:00 AM - 12:00 PM",0,1,1,3,119,2,2,8,6,14,0,0,99,99
45,1,3127,1714,1413,1,55,"NSW","Urban","12:00 AM - 6:00 AM",1,0,0,1,174,1,3,0,0,0,0,0,99,99
7578,19,2863,1926,937,1,58,"TAS","Urban","6:00 PM - 12:00 AM",0,0,1,3,93,1,4,10,8,18,1,0,99,99
5994,15,2856,1664,1192,1,50,"SA","Urban","6:00 PM - 12:00 AM",1,1,0,1,44,1,5,9,9,18,0,0,99,99
9615,25,1625,1226,399,1,24,"TAS","Urban","6:00 PM - 12:00 AM",1,1,0,3,148,2,2,6,5,11,0,0,99,99
8168,21,1561,1561,0,1,62,"WA","Urban","6:00 PM - 12:00 AM",0,0,1,3,99,1,4,10,10,20,0,0,99,99
3009,8,1669,0,1669,1,33,"NSW","Urban","6:00 PM - 12:00 AM",1,1,0,3,112,1,1,6,5,11,0,1,4,0
2577,7,1756,1535,221,1,22,"QLD","Urban","6:00 PM - 12:00 AM",0,1,0,1,180,2,2,0,2,2,1,1,4,0
1926,5,2046,1821,225,0,36,"SA","Urban","6:00 PM - 12:00 AM",0,0,0,1,96,1,3,7,6,13,1,0,99,99
328,1,465,0,465,0,34,"VIC","Urban","6:00 PM - 12:00 AM",1,1,1,3,180,2,3,3,2,5,0,0,99,99
1885,5,4236,2084,2152,0,46,"VIC","Urban","6:00 PM - 12:00 AM",1,0,0,3,162,2,4,2,0,2,0,1,2,0
8705,22,2692,2000,692,1,29,"VIC","Urban","6:00 PM - 12:00 AM",0,1,0,3,18,2,2,0,0,0,0,0,99,99
61,1,3325,1928,1397,1,57,"VIC","Urban","12:00 AM - 6:00 AM",1,0,1,3,24,1,3,0,0,0,0,0,99,99
5846,15,1195,0,1195,1,58,"QLD","Urban","6:00 AM - 12:00 PM",1,1,1,2,179,3,1,1,0,1,1,0,99,99
76,1,603,0,603,1,26,"NSW","Regional","12:00 AM - 6:00 AM",0,1,1,1,12,1,3,0,0,0,0,1,0,0
6441,17,698,0,698,1,78,"VIC","Urban","6:00 PM - 12:00 AM",1,1,1,3,139,1,4,9,10,19,0,0,99,99
3668,10,3068,2422,646,1,53,"NSW","Urban","12:00 AM - 6:00 AM",0,0,0,3,82,1,2,10,10,20,1,0,99,99
3510,9,207,0,207,1,22,"NSW","Regional","6:00 AM - 12:00 PM",1,1,0,2,56,4,4,8,10,18,1,0,99,99
4704,12,237,0,237,1,38,"QLD","Urban","6:00 AM - 12:00 PM",1,1,1,3,87,1,3,10,10,20,1,0,99,99
3600,9,1425,0,1425,1,72,"NSW","Regional","6:00 PM - 12:00 AM",1,1,0,3,97,3,4,7,10,17,0,0,99,99
3847,10,866,0,866,1,28,"NSW","Urban","6:00 PM - 12:00 AM",1,1,0,2,107,2,3,5,3,8,0,0,99,99
9448,24,4421,2542,1879,1,24,"NSW","Regional","6:00 AM - 12:00 PM",0,1,0,1,54,3,2,4,1,5,0,0,99,99
685,2,3879,1994,1885,0,49,"NSW","Urban","6:00 PM - 12:00 AM",1,1,1,1,24,1,3,5,1,6,0,0,99,99
517,2,2949,1719,1230,1,59,"NSW","Urban","6:00 PM - 12:00 AM",0,0,0,3,66,4,2,10,9,19,1,0,99,99
8706,22,1114,0,1114,1,62,"NSW","Urban","12:00 AM - 6:00 AM",0,1,0,3,74,1,2,9,10,19,0,0,99,99
9075,23,3030,1613,1417,1,77,"NSW","Regional","6:00 PM - 12:00 AM",0,1,0,1,71,1,4,6,5,11,0,0,99,99
2812,8,2366,1743,623,1,28,"NSW","Regional","6:00 AM - 12:00 PM",0,1,1,3,31,1,4,1,3,4,0,0,99,99
9811,25,1293,0,1293,99,73,"NSW","Remote","6:00 PM - 12:00 AM",0,1,0,1,92,1,3,6,5,11,0,0,99,99
3578,9,2572,1930,642,0,58,"VIC","Urban","6:00 PM - 12:00 AM",0,0,0,2,29,2,4,8,8,16,1,0,99,99
6613,17,2210,1941,269,1,62,"VIC","Urban","6:00 AM - 12:00 PM",0,1,0,3,113,2,3,9,5,14,1,0,99,99
5555,14,2040,1252,788,1,78,"NSW","Urban","6:00 PM - 12:00 AM",1,1,1,1,165,2,3,3,3,6,0,0,99,99
4686,12,3333,2683,650,1,33,"NT","Urban","6:00 AM - 12:00 PM",0,1,0,2,151,2,5,1,0,1,0,0,99,99
5388,14,2735,1389,1346,1,47,"SA","Urban","6:00 PM - 12:00 AM",0,1,0,2,120,2,3,9,9,18,0,0,99,99
5254,14,2787,2042,745,0,27,"NSW","Regional","12:00 AM - 6:00 AM",1,1,1,3,44,2,3,10,10,20,0,0,99,99
4168,11,4680,2375,2305,1,58,"VIC","Urban","6:00 AM - 12:00 PM",1,1,0,3,133,4,3,8,7,15,1,1,2,1
5561,14,794,794,0,1,25,"TAS","Urban","6:00 PM - 12:00 AM",0,1,0,3,35,4,1,0,0,0,0,0,99,99
1782,5,515,0,515,1,37,"NSW","Urban","6:00 PM - 12:00 AM",0,1,0,1,144,2,4,10,10,20,1,0,99,99
1290,4,603,0,603,0,30,"VIC","Urban","6:00 AM - 12:00 PM",0,1,1,3,168,2,4,6,7,13,0,0,99,99
1764,5,1471,1225,246,1,38,"VIC","Urban","6:00 PM - 12:00 AM",1,1,1,2,30,2,2,7,7,14,0,0,99,99
8395,21,967,0,967,0,33,"TAS","Urban","12:00 PM - 6:00 PM",1,1,0,3,170,4,2,4,2,6,0,1,2,1
8304,21,2498,1582,916,1,68,"WA","Urban","6:00 AM - 12:00 PM",0,0,1,3,156,2,2,5,4,9,0,0,99,99
8297,21,2649,1912,737,1,38,"VIC","Urban","6:00 AM - 12:00 PM",1,0,0,3,48,3,3,3,1,4,1,0,99,99
599,2,1681,1448,233,0,35,"VIC","Urban","6:00 PM - 12:00 AM",1,1,1,3,24,2,3,4,5,9,0,0,99,99
7613,20,422,0,422,1,34,"NSW","Regional","6:00 PM - 12:00 AM",0,1,0,3,117,2,3,7,7,14,0,0,99,99
9652,25,4247,1985,2262,0,52,"VIC","Urban","6:00 AM - 12:00 PM",1,1,0,3,137,3,4,7,6,13,0,0,99,99
3972,10,2429,1938,491,1,-99,"NSW","Regional","12:00 AM - 6:00 AM",1,1,1,3,158,1,3,10,10,20,1,0,99,99
2246,6,29,0,29,0,25,"NSW","Urban","6:00 AM - 12:00 PM",0,0,1,2,101,1,4,10,10,20,0,0,99,99
6671,17,2579,1833,746,1,41,"NSW","Remote","12:00 PM - 6:00 PM",0,1,1,1,62,4,3,7,8,15,0,0,99,99
8294,21,771,0,771,99,40,"NSW","Regional","6:00 PM - 12:00 AM",0,1,0,3,151,1,3,9,6,15,0,1,1,0
7414,19,2640,2090,550,1,39,"NSW","Regional","12:00 PM - 6:00 PM",0,1,0,3,45,3,3,5,8,13,0,0,99,99
1466,4,4140,2222,1918,0,49,"NSW","Urban","6:00 AM - 12:00 PM",0,0,0,3,168,3,2,2,0,2,0,1,0,1
1162,3,370,0,370,1,20,"ACT","Regional","6:00 AM - 12:00 PM",1,1,0,2,84,1,2,9,9,18,0,0,99,99
5253,14,2415,1909,506,1,48,"NSW","Urban","12:00 PM - 6:00 PM",0,1,0,3,174,2,3,0,0,0,0,0,99,99
5161,13,3929,2078,1851,0,60,"WA","Urban","6:00 PM - 12:00 AM",0,1,0,3,58,2,4,6,8,14,1,1,4,0
2331,6,1917,0,1917,1,49,"WA","Urban","12:00 AM - 6:00 AM",1,1,0,1,77,1,4,10,9,19,0,0,99,99
5941,15,3539,2136,1403,1,39,"VIC","Urban","6:00 PM - 12:00 AM",0,1,0,2,136,4,3,9,7,16,0,0,99,99
1967,5,3158,1979,1179,1,54,"NSW","Urban","6:00 PM - 12:00 AM",0,0,1,3,120,3,3,5,3,8,0,0,99,99
7417,19,569,0,569,0,26,"SA","Urban","6:00 AM - 12:00 PM",0,1,0,3,171,2,2,0,0,0,0,0,99,99
4830,13,3083,1780,1303,0,77,"NSW","Remote","6:00 PM - 12:00 AM",1,1,1,2,167,1,3,7,7,14,0,1,1,0
3015,8,289,0,289,0,60,"TAS","Urban","6:00 AM - 12:00 PM",0,0,1,3,69,4,3,7,9,16,0,0,99,99
7876,20,3766,2348,1418,0,72,"SA","Urban","6:00 PM - 12:00 AM",0,1,0,3,125,1,3,6,10,16,0,0,99,99
8798,22,3227,1217,2010,0,54,"VIC","Urban","6:00 AM - 12:00 PM",0,1,1,2,159,2,3,9,10,19,1,0,99,99
3824,10,655,0,655,1,67,"NSW","Urban","6:00 PM - 12:00 AM",0,0,0,2,153,2,4,10,7,17,0,0,99,99
8138,21,2615,1872,743,0,71,"VIC","Urban","6:00 PM - 12:00 AM",0,0,0,3,175,2,3,4,3,7,0,0,99,99
6211,16,3887,2139,1748,0,76,"VIC","Urban","6:00 PM - 12:00 AM",1,1,1,3,26,1,3,1,1,2,0,0,99,99
8590,22,2488,0,2488,0,40,"NSW","Urban","12:00 PM - 6:00 PM",0,1,0,3,21,2,3,3,4,7,0,0,99,99
1025,3,2404,1450,954,1,55,"VIC","Regional","6:00 AM - 12:00 PM",0,1,1,2,108,3,2,5,9,14,0,0,99,99
356,1,1510,1321,189,1,40,"VIC","Urban","6:00 PM - 12:00 AM",1,1,0,3,114,1,2,10,7,17,1,0,99,99
8611,22,1780,0,1780,1,35,"NSW","Regional","12:00 PM - 6:00 PM",1,0,1,2,25,1,3,0,0,0,0,0,99,99
4163,11,3450,1886,1564,1,42,"TAS","Urban","6:00 PM - 12:00 AM",0,0,1,3,113,2,2,5,7,12,0,0,99,99
665,2,934,0,934,0,24,"NSW","Urban","6:00 PM - 12:00 AM",0,0,1,2,138,2,2,7,9,16,1,0,99,99
3871,10,2441,2127,314,1,50,"VIC","Urban","6:00 PM - 12:00 AM",0,0,0,3,114,1,3,9,6,15,0,0,99,99
3008,8,2546,1889,657,0,36,"NSW","Urban","6:00 AM - 12:00 PM",1,1,1,3,52,1,2,5,5,10,0,0,99,99
2579,7,3249,2076,1173,0,33,"VIC","Urban","6:00 PM - 12:00 AM",1,0,0,1,136,1,2,8,7,15,0,0,99,99
2922,8,2960,1544,1416,1,36,"WA","Urban","6:00 PM - 12:00 AM",1,1,1,1,108,1,3,10,10,20,1,0,99,99
2152,6,1242,0,1242,1,72,"SA","Urban","6:00 PM - 12:00 AM",0,0,1,3,66,2,4,8,6,14,0,0,99,99
2894,8,2302,0,2302,0,59,"QLD","Urban","6:00 AM - 12:00 PM",1,1,0,3,140,2,3,7,6,13,0,0,99,99
7275,19,2627,1725,902,0,29,"NT","Urban","6:00 PM - 12:00 AM",0,1,0,1,116,2,4,5,8,13,0,0,99,99
5412,14,2756,1664,1092,0,60,"VIC","Urban","12:00 AM - 6:00 AM",0,0,0,2,127,1,2,10,10,20,1,0,99,99
280,1,178,0,178,0,29,"QLD","Remote","12:00 PM - 6:00 PM",1,1,0,3,138,1,2,1,3,4,0,0,99,99
5595,14,2359,1361,998,1,20,"NT","Urban","12:00 AM - 6:00 AM",0,1,1,3,128,1,3,6,8,14,1,0,99,99
9828,25,3278,1346,1932,1,20,"NT","Urban","6:00 PM - 12:00 AM",1,1,0,3,22,1,1,0,4,4,1,0,99,99
3279,9,2491,1716,775,1,65,"SA","Urban","12:00 AM - 6:00 AM",0,1,1,3,97,1,4,8,6,14,0,0,99,99
3479,9,952,0,952,1,25,"WA","Urban","12:00 PM - 6:00 PM",0,0,0,1,53,2,2,5,7,12,1,0,99,99
9334,24,1486,0,1486,0,26,"NSW","Regional","12:00 PM - 6:00 PM",0,1,1,2,96,1,2,10,2,12,1,0,99,99
1610,5,2131,1667,464,0,33,"NSW","Urban","6:00 AM - 12:00 PM",1,0,1,1,156,2,2,5,5,10,0,0,99,99
3120,8,484,0,484,0,63,"TAS","Urban","6:00 AM - 12:00 PM",0,0,0,3,173,1,3,3,5,8,0,0,99,99
7215,19,2904,1607,1297,0,41,"QLD","Urban","6:00 PM - 12:00 AM",1,1,0,3,75,3,3,6,5,11,1,0,99,99
4799,12,2865,1810,1055,1,39,"NSW","Regional","12:00 PM - 6:00 PM",1,1,0,3,50,1,2,8,8,16,0,0,99,99
8116,21,681,0,681,1,-99,"WA","Urban","6:00 PM - 12:00 AM",1,0,1,3,52,2,4,9,10,19,1,0,99,99
3119,8,754,0,754,0,27,"TAS","Urban","12:00 AM - 6:00 AM",1,0,1,1,75,1,3,10,10,20,0,0,99,99
2755,7,3594,1972,1622,1,51,"VIC","Urban","6:00 PM - 12:00 AM",0,0,0,3,34,2,4,8,10,18,0,0,99,99
6832,18,2859,1985,874,0,61,"VIC","Urban","6:00 AM - 12:00 PM",1,0,0,3,42,1,3,6,3,9,0,0,99,99
6510,17,994,0,994,1,33,"TAS","Urban","12:00 PM - 6:00 PM",1,0,0,3,108,2,2,5,7,12,1,0,99,99
1651,5,1378,0,1378,1,59,"SA","Remote","6:00 PM - 12:00 AM",1,1,1,3,36,1,2,1,1,2,0,0,99,99
8986,23,997,0,997,0,67,"NT","Urban","6:00 PM - 12:00 AM",1,1,1,2,137,1,2,6,3,9,1,0,99,99
8861,23,2180,0,2180,1,40,"VIC","Urban","6:00 PM - 12:00 AM",0,1,0,3,91,3,2,5,4,9,1,0,99,99
2093,6,2752,1707,1045,0,43,"NSW","Urban","6:00 AM - 12:00 PM",1,0,0,2,73,2,4,6,7,13,0,0,99,99
6127,16,2674,1668,1006,0,38,"NSW","Remote","12:00 AM - 6:00 AM",1,0,0,1,44,4,4,5,2,7,0,1,3,1
4290,11,2580,2158,422,0,48,"NSW","Remote","12:00 PM - 6:00 PM",1,1,1,3,64,2,3,7,9,16,1,0,99,99
532,2,268,0,268,1,53,"VIC","Regional","6:00 PM - 12:00 AM",0,1,0,3,174,1,3,0,0,0,0,0,99,99
6530,17,1817,394,1423,1,78,"VIC","Urban","6:00 AM - 12:00 PM",0,0,0,2,118,2,3,10,10,20,1,0,99,99
4530,12,3735,2035,1700,0,52,"WA","Urban","12:00 PM - 6:00 PM",1,1,1,3,167,1,3,3,3,6,0,0,99,99
2754,7,1561,0,1561,1,18,"VIC","Urban","6:00 AM - 12:00 PM",1,1,1,3,60,1,4,10,10,20,0,0,99,99
4874,13,3434,2511,923,0,29,"TAS","Urban","6:00 AM - 12:00 PM",0,1,0,3,53,1,3,4,4,8,0,1,3,0
7608,20,2880,2018,862,0,60,"NSW","Regional","6:00 AM - 12:00 PM",0,0,1,3,73,2,2,10,10,20,0,0,99,99
7605,20,1737,0,1737,1,27,"TAS","Urban","6:00 PM - 12:00 AM",1,1,0,3,151,1,2,6,8,14,1,0,99,99
1752,5,4253,2184,2069,0,52,"NSW","Urban","6:00 PM - 12:00 AM",0,0,1,3,72,1,3,6,8,14,0,1,3,0
2249,6,1922,0,1922,0,37,"NT","Urban","6:00 PM - 12:00 AM",0,0,0,3,44,2,4,7,5,12,0,0,99,99
8203,21,1547,0,1547,1,51,"VIC","Urban","6:00 PM - 12:00 AM",0,1,0,3,145,2,4,5,6,11,0,0,99,99
954,3,942,0,942,1,40,"VIC","Regional","6:00 AM - 12:00 PM",1,1,0,3,156,2,2,5,8,13,0,0,99,99
1167,3,1640,1500,140,1,37,"VIC","Regional","6:00 AM - 12:00 PM",0,1,0,3,36,2,2,4,3,7,0,0,99,99
5225,14,2928,2144,784,0,44,"NSW","Regional","6:00 AM - 12:00 PM",1,1,1,3,92,2,3,10,10,20,0,0,99,99
6977,18,3308,2426,882,0,68,"WA","Urban","12:00 AM - 6:00 AM",0,1,0,2,14,1,3,0,1,1,0,0,99,99
8896,23,3317,2246,1071,0,48,"NSW","Remote","6:00 AM - 12:00 PM",1,0,1,1,137,1,4,7,6,13,1,0,99,99
1016,3,1400,1079,321,1,39,"ACT","Urban","6:00 AM - 12:00 PM",1,1,0,3,90,2,2,10,8,18,1,0,99,99
172,1,208,0,208,1,26,"NSW","Urban","12:00 AM - 6:00 AM",1,1,1,1,72,1,4,6,6,12,0,0,99,99
4395,11,678,0,678,0,73,"NSW","Remote","6:00 PM - 12:00 AM",0,1,0,1,155,1,5,3,2,5,0,0,99,99
7850,20,2945,2266,679,0,58,"NSW","Regional","6:00 AM - 12:00 PM",0,0,1,2,49,2,3,8,8,16,1,0,99,99
8318,21,2108,2019,89,0,66,"WA","Urban","6:00 AM - 12:00 PM",0,0,0,1,82,2,3,10,10,20,1,0,99,99
7976,20,1780,1399,381,0,51,"QLD","Urban","6:00 PM - 12:00 AM",0,1,0,2,124,2,2,7,6,13,0,0,99,99
5891,15,2156,1032,1124,1,20,"VIC","Urban","6:00 AM - 12:00 PM",0,1,0,3,59,1,2,3,6,9,0,0,99,99
5971,15,3142,1431,1711,1,18,"NSW","Regional","12:00 PM - 6:00 PM",0,0,0,3,88,1,4,10,10,20,0,0,99,99
110,1,3680,2191,1489,0,55,"NSW","Urban","12:00 AM - 6:00 AM",1,1,0,3,180,2,2,7,2,9,1,0,99,99
5447,14,1972,0,1972,0,59,"NSW","Urban","6:00 PM - 12:00 AM",0,1,0,3,144,2,4,8,9,17,1,0,99,99
1477,4,193,0,193,0,39,"NSW","Urban","6:00 AM - 12:00 PM",1,0,0,1,72,1,3,7,2,9,0,0,99,99
9684,25,3058,2445,613,1,27,"WA","Urban","6:00 AM - 12:00 PM",0,0,1,3,104,1,4,8,5,13,0,1,2,1
5052,13,2280,2017,263,0,44,"VIC","Urban","6:00 PM - 12:00 AM",1,0,0,1,175,1,3,3,3,6,0,1,0,0
1471,4,1766,1430,336,1,38,"NSW","Regional","6:00 AM - 12:00 PM",0,1,1,2,66,1,2,8,7,15,1,1,4,1
3606,10,2738,1843,895,0,56,"VIC","Urban","6:00 AM - 12:00 PM",1,0,1,3,86,4,3,10,10,20,0,1,1,1
1399,4,3516,1929,1587,1,47,"QLD","Urban","6:00 AM - 12:00 PM",0,1,0,3,78,2,2,6,3,9,0,0,99,99
3558,9,571,0,571,1,76,"SA","Urban","6:00 AM - 12:00 PM",0,1,0,3,115,1,2,8,10,18,0,0,99,99
900,3,1425,0,1425,1,50,"WA","Urban","6:00 AM - 12:00 PM",0,0,1,3,156,1,2,9,4,13,0,0,99,99
6419,17,3694,2458,1236,1,53,"VIC","Urban","6:00 PM - 12:00 AM",1,0,0,3,171,1,1,2,0,2,0,1,0,0
547,2,170,0,170,0,33,"NSW","Urban","6:00 PM - 12:00 AM",1,1,1,3,168,1,3,7,7,14,0,0,99,99
4232,11,1212,0,1212,1,63,"NSW","Remote","6:00 AM - 12:00 PM",0,1,0,3,159,1,2,3,3,6,1,1,1,1
2940,8,178,0,178,0,32,"VIC","Urban","6:00 AM - 12:00 PM",0,1,0,3,115,1,2,5,6,11,0,0,99,99
8522,22,2324,1657,667,0,61,"QLD","Urban","6:00 PM - 12:00 AM",1,1,0,2,101,1,2,5,5,10,1,1,4,0
7486,19,2704,1758,946,0,46,"VIC","Urban","6:00 AM - 12:00 PM",0,1,1,2,23,1,1,0,0,0,1,0,99,99
1163,3,924,0,924,1,31,"NSW","Regional","6:00 AM - 12:00 PM",0,1,1,3,12,2,4,6,6,12,1,0,99,99
7926,20,2701,2012,689,99,58,"TAS","Urban","6:00 PM - 12:00 AM",1,0,0,3,161,1,4,6,5,11,0,0,99,99
9978,25,688,0,688,1,34,"NSW","Urban","6:00 PM - 12:00 AM",1,0,1,1,18,2,4,4,3,7,0,0,99,99
5083,13,3240,1822,1418,0,37,"NSW","Regional","6:00 PM - 12:00 AM",0,1,0,3,136,4,2,3,1,4,0,0,99,99
8901,23,222,0,222,99,76,"VIC","Urban","6:00 PM - 12:00 AM",0,1,0,1,153,1,4,2,3,5,1,0,99,99
6438,17,1332,1332,0,0,36,"TAS","Urban","6:00 AM - 12:00 PM",0,1,0,3,80,2,4,9,10,19,0,0,99,99
5404,14,2648,1653,995,1,71,"NSW","Regional","6:00 AM - 12:00 PM",0,1,1,2,158,2,3,7,7,14,0,0,99,99
7925,20,912,0,912,0,40,"TAS","Urban","6:00 PM - 12:00 AM",0,1,0,2,118,2,3,7,7,14,0,0,99,99
5300,14,3374,1881,1493,0,29,"NSW","Regional","6:00 PM - 12:00 AM",1,0,0,2,96,1,2,9,7,16,1,0,99,99
2235,6,1745,1745,0,1,62,"SA","Urban","12:00 AM - 6:00 AM",1,1,1,3,130,2,3,9,10,19,0,0,99,99
6191,16,2669,2216,453,1,32,"VIC","Urban","6:00 AM - 12:00 PM",0,1,1,3,117,2,2,10,9,19,1,0,99,99
1140,3,472,0,472,0,30,"SA","Remote","6:00 AM - 12:00 PM",1,1,1,3,66,2,2,10,7,17,0,0,99,99
1304,4,475,0,475,0,30,"NSW","Regional","6:00 AM - 12:00 PM",0,1,0,2,48,2,3,4,3,7,0,1,3,1
8859,23,3151,1964,1187,1,48,"NT","Urban","6:00 PM - 12:00 AM",0,1,0,3,109,1,2,7,6,13,0,0,99,99
203,1,1375,0,1375,1,39,"VIC","Urban","12:00 AM - 6:00 AM",1,1,0,2,30,1,4,1,0,1,0,0,99,99
3838,10,2529,2264,265,1,18,"NSW","Remote","6:00 PM - 12:00 AM",1,0,1,3,144,1,5,8,7,15,1,0,99,99
956,3,486,0,486,1,37,"NT","Remote","6:00 AM - 12:00 PM",1,1,1,3,114,1,3,10,10,20,0,0,99,99
5045,13,217,0,217,0,64,"VIC","Urban","6:00 PM - 12:00 AM",0,1,1,3,20,1,3,0,0,0,0,0,99,99
5553,14,1592,0,1592,1,62,"SA","Urban","12:00 AM - 6:00 AM",0,1,0,2,37,1,3,0,0,0,0,0,99,99
6738,17,603,0,603,1,64,"VIC","Urban","12:00 AM - 6:00 AM",0,1,1,2,96,2,2,8,8,16,0,0,99,99
5264,14,2300,1742,558,0,72,"NSW","Regional","6:00 AM - 12:00 PM",1,0,0,2,73,1,5,5,5,10,0,0,99,99
8899,23,3218,2228,990,1,71,"QLD","Urban","12:00 PM - 6:00 PM",0,0,1,1,150,1,2,8,8,16,0,0,99,99
4703,12,594,0,594,1,55,"VIC","Urban","6:00 PM - 12:00 AM",0,0,1,3,92,3,2,8,7,15,0,1,4,0
633,2,4079,2237,1842,1,48,"NSW","Urban","6:00 PM - 12:00 AM",0,0,1,3,48,4,2,10,7,17,1,0,99,99
2231,6,868,0,868,0,33,"NSW","Regional","6:00 AM - 12:00 PM",0,0,0,3,132,2,4,7,9,16,0,0,99,99
2491,7,2536,968,1568,1,44,"NT","Urban","6:00 AM - 12:00 PM",1,0,1,3,88,2,2,8,4,12,0,1,3,0
478,2,343,0,343,0,28,"NSW","Urban","6:00 PM - 12:00 AM",0,1,0,3,90,1,4,9,10,19,0,0,99,99
4561,12,1561,0,1561,0,54,"NT","Urban","6:00 PM - 12:00 AM",1,1,0,3,54,2,3,5,7,12,0,0,99,99
4227,11,1378,0,1378,0,-99,"SA","Urban","6:00 PM - 12:00 AM",1,1,0,3,108,1,4,10,10,20,0,0,99,99
9257,24,4130,2452,1678,0,39,"QLD","Urban","12:00 PM - 6:00 PM",1,1,0,3,98,1,3,10,10,20,0,1,4,0
9115,23,2155,1410,745,1,47,"NSW","Regional","6:00 PM - 12:00 AM",0,1,1,3,143,1,1,9,8,17,0,0,99,99
9238,24,1418,0,1418,1,32,"VIC","Urban","6:00 AM - 12:00 PM",0,0,0,3,84,3,2,9,6,15,1,0,99,99
4833,13,1780,0,1780,0,48,"NSW","Regional","12:00 AM - 6:00 AM",1,0,1,2,27,2,2,4,3,7,0,0,99,99
3156,8,1954,1699,255,0,59,"NSW","Urban","12:00 PM - 6:00 PM",0,1,0,1,167,1,4,1,1,2,0,0,99,99
2672,7,716,0,716,1,70,"NT","Urban","6:00 PM - 12:00 AM",0,0,0,1,35,1,2,10,10,20,0,0,99,99
9997,25,1690,0,1690,0,55,"NSW","Regional","6:00 PM - 12:00 AM",0,0,0,3,49,2,3,8,9,17,0,0,99,99
3020,8,2020,0,2020,1,75,"VIC","Urban","6:00 PM - 12:00 AM",0,1,0,2,71,1,3,9,10,19,1,0,99,99
8907,23,3192,1848,1344,1,30,"NSW","Regional","6:00 PM - 12:00 AM",1,0,0,2,35,2,2,4,3,7,0,1,3,0
6883,18,1685,0,1685,0,48,"TAS","Urban","6:00 AM - 12:00 PM",0,0,1,3,49,1,3,9,9,18,1,0,99,99
1830,5,3642,1979,1663,1,48,"NSW","Urban","6:00 PM - 12:00 AM",0,0,1,3,102,2,3,7,6,13,1,0,99,99
1658,5,511,0,511,0,34,"VIC","Urban","6:00 PM - 12:00 AM",1,1,1,2,78,2,4,5,9,14,1,0,99,99
8610,22,1798,0,1798,0,54,"WA","Urban","6:00 AM - 12:00 PM",1,1,1,3,129,2,3,6,6,12,0,0,99,99
3659,10,1493,0,1493,0,-99,"VIC","Urban","12:00 PM - 6:00 PM",1,1,1,3,44,1,4,5,5,10,0,1,2,1
7364,19,2045,1507,538,0,-99,"VIC","Urban","6:00 AM - 12:00 PM",1,1,0,1,144,3,2,6,10,16,1,1,1,0
7315,19,738,0,738,1,63,"NSW","Regional","6:00 PM - 12:00 AM",1,1,1,3,97,4,3,9,10,19,0,0,99,99
2829,8,3681,1506,2175,0,28,"WA","Urban","6:00 AM - 12:00 PM",1,0,1,3,22,1,3,3,2,5,1,0,99,99
7093,18,676,0,676,0,54,"VIC","Urban","6:00 AM - 12:00 PM",1,1,0,3,88,1,5,10,10,20,1,0,99,99
2007,6,2053,0,2053,1,66,"NSW","Regional","12:00 AM - 6:00 AM",0,0,0,3,64,1,3,9,10,19,1,0,99,99
8980,23,733,0,733,0,55,"VIC","Urban","12:00 AM - 6:00 AM",1,0,0,3,106,3,3,10,10,20,0,0,99,99
7943,20,676,0,676,1,72,"QLD","Urban","6:00 PM - 12:00 AM",0,0,0,2,79,2,4,5,5,10,0,0,99,99
209,1,153,0,153,1,30,"VIC","Urban","12:00 AM - 6:00 AM",1,1,0,3,150,1,2,6,6,12,0,0,99,99
175,1,1964,1670,294,0,33,"NSW","Urban","12:00 AM - 6:00 AM",1,1,0,2,162,2,2,9,5,14,0,0,99,99
2535,7,3127,1775,1352,0,54,"TAS","Urban","12:00 AM - 6:00 AM",1,1,1,3,151,1,2,9,8,17,0,0,99,99
9120,23,2503,1868,635,0,21,"QLD","Urban","6:00 AM - 12:00 PM",1,1,0,3,41,1,3,10,7,17,0,1,3,0
8793,22,815,0,815,1,52,"VIC","Urban","12:00 AM - 6:00 AM",0,0,1,3,174,2,4,6,6,12,1,0,99,99
4166,11,2825,1653,1172,0,18,"NSW","Urban","6:00 PM - 12:00 AM",1,1,0,3,141,1,4,8,6,14,0,0,99,99
1902,5,3620,2080,1540,1,52,"NSW","Regional","12:00 PM - 6:00 PM",1,0,1,3,102,2,3,7,7,14,0,0,99,99
6897,18,3197,1990,1207,1,22,"NSW","Urban","6:00 AM - 12:00 PM",1,1,0,1,166,2,3,7,7,14,1,0,99,99
5048,13,42,0,42,1,54,"SA","Urban","6:00 PM - 12:00 AM",1,1,1,1,175,4,1,0,0,0,0,0,99,99
3598,9,820,0,820,0,53,"TAS","Urban","12:00 PM - 6:00 PM",0,1,0,3,164,1,4,5,5,10,0,0,99,99
8796,22,4059,1528,2531,0,73,"TAS","Urban","6:00 AM - 12:00 PM",0,1,0,2,23,1,3,5,5,10,0,1,5,0
3680,10,1896,1896,0,99,57,"NSW","Remote","6:00 AM - 12:00 PM",0,1,0,2,23,4,4,2,5,7,0,0,99,99
3060,8,714,0,714,1,-99,"WA","Urban","6:00 PM - 12:00 AM",0,0,1,3,79,4,4,10,10,20,0,0,99,99
6646,17,607,0,607,0,70,"NSW","Regional","6:00 PM - 12:00 AM",0,0,0,3,86,1,3,7,4,11,0,0,99,99
760,2,170,0,170,1,38,"TAS","Urban","6:00 PM - 12:00 AM",1,1,1,3,120,1,4,8,7,15,0,0,99,99
7980,20,1620,1620,0,0,22,"NSW","Urban","6:00 PM - 12:00 AM",1,1,0,1,117,1,2,10,8,18,1,0,99,99
823,3,2662,1653,1009,0,47,"VIC","Urban","6:00 PM - 12:00 AM",0,0,0,3,24,3,3,6,5,11,0,0,99,99
4344,11,2563,1353,1210,0,30,"SA","Urban","6:00 PM - 12:00 AM",1,1,1,3,126,1,3,10,10,20,0,0,99,99
3704,10,1447,0,1447,0,-99,"NT","Urban","6:00 PM - 12:00 AM",0,0,0,3,163,1,4,3,4,7,0,0,99,99
4431,12,1365,0,1365,0,57,"QLD","Urban","12:00 AM - 6:00 AM",0,0,0,3,163,1,3,9,9,18,0,0,99,99
91,1,522,0,522,0,33,"NSW","Urban","12:00 PM - 6:00 PM",1,1,1,3,24,1,2,1,0,1,0,0,99,99
9402,24,4396,2469,1927,1,48,"NSW","Regional","6:00 PM - 12:00 AM",1,0,0,1,69,2,3,5,8,13,0,1,3,1
1988,5,147,0,147,0,25,"VIC","Urban","6:00 PM - 12:00 AM",1,1,0,3,72,1,1,5,5,10,0,0,99,99
4170,11,3908,2423,1485,0,65,"NSW","Urban","6:00 AM - 12:00 PM",0,0,1,2,150,2,4,5,1,6,1,0,99,99
1171,3,4588,2484,2104,1,53,"QLD","Urban","6:00 AM - 12:00 PM",1,0,0,2,108,2,3,6,7,13,0,0,99,99
5021,13,850,0,850,1,59,"SA","Urban","6:00 PM - 12:00 AM",0,0,1,3,135,2,4,10,7,17,0,0,99,99
682,2,4372,2320,2052,1,47,"SA","Urban","6:00 PM - 12:00 AM",0,1,1,3,36,3,2,2,6,8,0,1,2,0
3,1,167,0,167,0,37,"VIC","Urban","12:00 PM - 6:00 PM",1,1,0,3,18,1,3,7,2,9,0,0,99,99
2304,6,2970,2025,945,0,40,"WA","Urban","6:00 PM - 12:00 AM",0,1,1,2,80,1,2,8,5,13,0,0,99,99
2591,7,1975,1552,423,0,-99,"TAS","Urban","12:00 AM - 6:00 AM",0,1,1,3,96,1,4,10,10,20,0,0,99,99
9485,24,366,0,366,0,-99,"TAS","Urban","12:00 AM - 6:00 AM",0,0,0,3,60,2,3,6,7,13,0,0,99,99
6045,16,146,0,146,0,61,"TAS","Urban","6:00 PM - 12:00 AM",1,0,0,3,44,1,2,4,3,7,0,0,99,99
444,2,4263,2393,1870,0,53,"NSW","Urban","6:00 PM - 12:00 AM",1,0,0,1,132,4,2,9,9,18,0,0,99,99
3657,10,2479,1166,1313,1,41,"WA","Urban","6:00 PM - 12:00 AM",0,1,1,3,20,1,3,1,3,4,0,1,1,1
6570,17,1207,0,1207,1,-99,"NSW","Remote","6:00 AM - 12:00 PM",0,1,1,3,175,1,4,4,7,11,1,0,99,99
4871,13,961,0,961,0,56,"QLD","Urban","6:00 AM - 12:00 PM",0,0,1,3,157,2,2,4,5,9,1,0,99,99
6299,16,598,0,598,0,75,"NSW","Urban","12:00 AM - 6:00 AM",0,0,0,2,163,3,2,3,0,3,0,0,99,99
8998,23,3308,1521,1787,1,18,"NSW","Urban","6:00 AM - 12:00 PM",1,0,1,3,140,2,4,8,10,18,0,0,99,99
9599,24,993,0,993,0,76,"NSW","Regional","6:00 AM - 12:00 PM",1,1,0,2,172,2,1,4,5,9,1,0,99,99
6812,18,1222,1106,116,0,23,"NSW","Regional","6:00 AM - 12:00 PM",1,1,0,2,138,4,2,9,10,19,0,1,2,0
2336,6,1386,1386,0,0,62,"SA","Urban","6:00 AM - 12:00 PM",0,1,0,2,107,4,3,5,4,9,0,0,99,99
3078,8,2662,1997,665,0,25,"NSW","Remote","6:00 PM - 12:00 AM",0,0,0,3,141,2,3,6,5,11,1,0,99,99
1044,3,310,0,310,0,20,"WA","Regional","6:00 AM - 12:00 PM",1,1,1,3,144,1,4,4,4,8,0,0,99,99
3934,10,41,0,41,1,34,"NSW","Remote","6:00 AM - 12:00 PM",1,0,1,3,16,1,3,1,3,4,0,0,99,99
551,2,684,0,684,0,33,"NSW","Urban","6:00 PM - 12:00 AM",1,1,1,1,162,1,3,7,7,14,0,0,99,99
6616,17,3365,1984,1381,0,64,"NSW","Regional","12:00 AM - 6:00 AM",1,0,0,3,14,4,3,0,5,5,0,0,99,99
4734,12,1308,1308,0,0,41,"NSW","Remote","6:00 PM - 12:00 AM",1,0,1,3,79,1,3,5,5,10,0,0,99,99
5085,13,793,0,793,0,41,"VIC","Urban","6:00 PM - 12:00 AM",1,1,0,3,100,1,4,9,6,15,1,0,99,99
7820,20,479,0,479,1,61,"NT","Urban","12:00 AM - 6:00 AM",0,1,0,3,75,1,3,10,4,14,0,1,3,0
5072,13,245,0,245,1,37,"NSW","Urban","12:00 PM - 6:00 PM",0,1,0,2,43,1,4,6,6,12,0,0,99,99
290,1,339,0,339,0,25,"NSW","Urban","12:00 AM - 6:00 AM",1,1,0,3,30,2,3,2,2,4,0,0,99,99
7368,19,1060,0,1060,0,46,"WA","Urban","6:00 AM - 12:00 PM",1,0,0,3,51,1,3,4,3,7,0,0,99,99
8498,22,2594,1880,714,1,33,"WA","Urban","12:00 AM - 6:00 AM",0,0,1,3,106,3,2,10,10,20,0,1,3,1
4654,12,1882,1503,379,0,35,"NSW","Regional","12:00 AM - 6:00 AM",0,1,1,3,166,1,2,3,3,6,0,0,99,99
4471,12,1960,1492,468,99,43,"QLD","Urban","6:00 PM - 12:00 AM",1,1,1,1,27,1,3,4,6,10,0,0,99,99
7593,19,2846,1749,1097,1,41,"VIC","Urban","6:00 PM - 12:00 AM",1,1,0,1,180,1,4,3,1,4,0,1,4,1
8328,21,1331,0,1331,1,42,"VIC","Urban","6:00 PM - 12:00 AM",0,1,0,3,94,2,1,6,7,13,0,0,99,99
831,3,3246,1739,1507,1,44,"SA","Urban","6:00 PM - 12:00 AM",0,0,1,2,96,3,4,10,10,20,1,1,4,0
1691,5,793,0,793,0,39,"NSW","Regional","12:00 PM - 6:00 PM",0,1,0,2,108,2,2,7,7,14,1,0,99,99
2085,6,891,0,891,1,25,"WA","Urban","6:00 PM - 12:00 AM",1,1,0,3,170,1,3,4,2,6,0,0,99,99
3316,9,2214,1907,307,1,25,"NSW","Regional","6:00 AM - 12:00 PM",1,0,0,3,133,4,4,5,7,12,0,1,5,0
9365,24,1162,0,1162,0,40,"NSW","Urban","6:00 PM - 12:00 AM",0,1,0,1,23,3,2,3,6,9,0,0,99,99
9749,25,2886,1857,1029,0,38,"NSW","Urban","6:00 AM - 12:00 PM",1,0,0,3,156,1,4,2,5,7,0,0,99,99
7362,19,1334,1334,0,0,28,"NSW","Urban","12:00 AM - 6:00 AM",1,1,1,3,30,2,3,9,10,19,0,0,99,99
512,2,184,0,184,1,58,"ACT","Urban","6:00 PM - 12:00 AM",0,1,0,1,168,1,4,2,2,4,0,0,99,99
6838,18,678,0,678,1,78,"NT","Urban","6:00 PM - 12:00 AM",0,1,0,3,53,2,2,4,6,10,1,0,99,99
5640,15,662,0,662,1,47,"SA","Urban","12:00 AM - 6:00 AM",1,1,0,1,71,1,3,6,5,11,0,0,99,99
1361,4,297,0,297,0,22,"VIC","Regional","6:00 AM - 12:00 PM",0,1,0,2,18,1,4,1,1,2,0,1,2,1
2554,7,1517,0,1517,0,53,"QLD","Urban","6:00 AM - 12:00 PM",0,1,1,2,165,4,4,4,2,6,0,0,99,99
4970,13,451,0,451,0,35,"VIC","Urban","6:00 PM - 12:00 AM",0,0,0,3,50,1,2,9,10,19,0,0,99,99
4091,11,1690,1549,141,0,-99,"WA","Urban","6:00 PM - 12:00 AM",1,1,0,1,92,1,2,9,9,18,0,0,99,99
4297,11,2464,2063,401,0,68,"TAS","Urban","6:00 PM - 12:00 AM",1,1,0,3,131,3,3,6,9,15,0,1,5,0
348,1,1022,0,1022,0,41,"SA","Regional","6:00 PM - 12:00 AM",1,1,0,2,54,1,3,9,9,18,1,0,99,99
7305,19,3850,2313,1537,1,22,"TAS","Urban","6:00 AM - 12:00 PM",1,1,0,3,115,1,2,9,10,19,0,0,99,99
7440,19,3514,1892,1622,1,31,"VIC","Urban","6:00 AM - 12:00 PM",1,0,1,3,92,1,4,5,7,12,1,0,99,99
8237,21,1980,1645,335,0,50,"TAS","Urban","6:00 AM - 12:00 PM",0,0,0,2,55,3,5,8,7,15,0,0,99,99
1198,3,993,0,993,0,43,"NSW","Urban","6:00 AM - 12:00 PM",1,1,1,3,36,1,3,5,3,8,0,0,99,99
4491,12,2082,1886,196,0,37,"VIC","Urban","12:00 PM - 6:00 PM",0,1,1,3,54,1,3,5,1,6,0,0,99,99
1273,4,194,0,194,0,47,"VIC","Urban","6:00 AM - 12:00 PM",1,1,1,2,18,1,4,0,0,0,0,0,99,99
4957,13,986,0,986,0,43,"TAS","Urban","6:00 PM - 12:00 AM",1,1,0,3,177,2,3,3,4,7,1,0,99,99
4359,11,805,0,805,0,52,"QLD","Urban","6:00 PM - 12:00 AM",1,1,1,3,58,4,4,7,3,10,0,0,99,99
3359,9,1856,1856,0,0,18,"VIC","Urban","6:00 PM - 12:00 AM",0,1,0,2,118,3,5,10,8,18,1,0,99,99
6737,17,2077,1297,780,0,52,"NSW","Remote","6:00 AM - 12:00 PM",1,1,0,2,25,4,4,1,2,3,0,0,99,99
3188,8,1142,0,1142,1,62,"NSW","Urban","6:00 PM - 12:00 AM",0,0,1,1,101,3,4,10,10,20,0,0,99,99
6405,17,1717,996,721,1,25,"NT","Urban","12:00 PM - 6:00 PM",1,1,1,3,126,1,3,6,7,13,0,0,99,99
9312,24,2197,1648,549,0,64,"VIC","Urban","12:00 AM - 6:00 AM",0,0,1,3,127,2,3,7,10,17,0,1,2,0
7277,19,2913,1647,1266,0,48,"WA","Urban","6:00 PM - 12:00 AM",0,0,0,3,150,1,4,5,6,11,0,0,99,99
2145,6,3672,2068,1604,99,28,"VIC","Urban","6:00 PM - 12:00 AM",1,1,1,1,145,1,2,6,4,10,0,0,99,99
5202,14,3083,0,3083,1,37,"NSW","Remote","12:00 PM - 6:00 PM",0,0,0,3,146,2,3,9,7,16,0,0,99,99
8726,22,1698,0,1698,1,50,"VIC","Urban","12:00 PM - 6:00 PM",0,1,0,3,139,1,2,4,1,5,1,0,99,99
9710,25,1244,0,1244,1,25,"NT","Urban","12:00 PM - 6:00 PM",1,1,0,3,78,1,3,5,7,12,0,0,99,99
6272,16,1930,0,1930,1,42,"QLD","Urban","6:00 PM - 12:00 AM",1,1,0,3,115,2,5,9,7,16,1,0,99,99
7317,19,2015,0,2015,0,61,"VIC","Urban","6:00 AM - 12:00 PM",0,0,0,3,177,1,3,4,5,9,0,0,99,99
463,2,1192,0,1192,0,37,"NSW","Urban","6:00 PM - 12:00 AM",0,1,1,2,102,2,4,8,10,18,0,0,99,99
7084,18,2174,1247,927,1,47,"TAS","Urban","6:00 AM - 12:00 PM",0,0,0,3,129,1,3,8,6,14,1,0,99,99
3836,10,2143,1509,634,1,40,"NSW","Regional","6:00 PM - 12:00 AM",1,1,1,3,78,4,2,9,10,19,0,0,99,99
9416,24,1127,0,1127,0,69,"QLD","Urban","6:00 PM - 12:00 AM",0,1,0,3,32,1,2,0,0,0,0,0,99,99
5186,13,856,0,856,0,50,"TAS","Urban","6:00 PM - 12:00 AM",0,1,0,3,18,1,3,0,3,3,0,1,3,0
8283,21,822,0,822,1,-99,"VIC","Urban","6:00 AM - 12:00 PM",1,1,1,3,42,1,4,9,9,18,0,1,3,0
6716,17,3320,2189,1131,1,25,"TAS","Urban","6:00 PM - 12:00 AM",0,0,0,3,72,1,4,10,10,20,0,0,99,99
3849,10,2482,1457,1025,0,75,"NSW","Urban","12:00 PM - 6:00 PM",0,1,0,3,62,1,3,8,9,17,0,0,99,99
6918,18,496,0,496,1,58,"VIC","Urban","6:00 PM - 12:00 AM",1,0,1,3,83,2,2,6,6,12,1,0,99,99
8870,23,924,0,924,0,65,"NT","Urban","6:00 AM - 12:00 PM",1,0,1,2,21,1,4,0,1,1,0,0,99,99
2295,6,592,0,592,1,23,"NSW","Urban","6:00 PM - 12:00 AM",0,0,1,3,164,2,3,7,7,14,1,0,99,99
9868,25,314,0,314,0,63,"SA","Urban","6:00 AM - 12:00 PM",1,0,0,3,33,1,3,4,3,7,0,0,99,99
3138,8,2905,1709,1196,0,74,"QLD","Urban","6:00 AM - 12:00 PM",1,0,0,2,167,1,4,10,7,17,1,1,0,0
164,1,1332,0,1332,0,38,"NSW","Urban","12:00 AM - 6:00 AM",1,1,0,2,174,2,3,0,0,0,0,0,99,99
564,2,213,0,213,0,37,"VIC","Regional","6:00 PM - 12:00 AM",1,1,0,3,42,1,4,7,6,13,0,0,99,99
123,1,885,0,885,1,29,"NSW","Urban","12:00 AM - 6:00 AM",1,1,1,3,126,2,4,4,8,12,1,0,99,99
8902,23,2680,1359,1321,1,29,"NSW","Regional","12:00 AM - 6:00 AM",0,0,0,3,84,2,2,7,7,14,1,0,99,99
5632,15,2229,1419,810,1,64,"NSW","Regional","6:00 PM - 12:00 AM",0,0,0,3,36,4,3,3,5,8,1,0,99,99
1896,5,1740,1395,345,1,26,"NSW","Urban","6:00 PM - 12:00 AM",1,0,0,3,36,2,4,3,0,3,0,0,99,99
6564,17,1901,1901,0,0,57,"NSW","Regional","6:00 AM - 12:00 PM",0,1,0,3,132,3,3,7,5,12,1,0,99,99
806,3,1910,1724,186,1,34,"NSW","Urban","6:00 PM - 12:00 AM",1,1,0,3,138,1,4,8,10,18,1,0,99,99
7927,20,2961,2037,924,1,59,"QLD","Urban","6:00 PM - 12:00 AM",0,0,0,1,56,3,4,7,3,10,1,1,5,0
2595,7,1375,0,1375,0,52,"QLD","Urban","12:00 PM - 6:00 PM",1,0,0,3,146,1,4,3,3,6,0,0,99,99
8124,21,2587,2143,444,1,73,"SA","Urban","6:00 AM - 12:00 PM",0,0,1,2,43,1,5,5,3,8,1,0,99,99
6815,18,2198,1990,208,1,34,"QLD","Urban","6:00 PM - 12:00 AM",1,0,1,1,170,3,3,2,1,3,0,0,99,99
9392,24,3139,1929,1210,0,65,"WA","Urban","6:00 PM - 12:00 AM",0,0,1,3,93,1,2,10,8,18,0,0,99,99
5757,15,1043,0,1043,99,24,"NSW","Urban","12:00 PM - 6:00 PM",1,1,0,1,103,3,4,10,8,18,0,0,99,99
8781,22,4049,2339,1710,1,29,"TAS","Urban","6:00 AM - 12:00 PM",1,1,1,2,78,2,2,9,8,17,0,1,5,0
7887,20,2077,1740,337,0,42,"TAS","Urban","6:00 PM - 12:00 AM",0,0,0,2,173,1,2,5,4,9,0,1,2,0
1515,4,3077,1855,1222,0,58,"WA","Urban","6:00 AM - 12:00 PM",0,0,0,2,102,3,3,9,10,19,0,1,5,1
6871,18,2217,1503,714,1,23,"NT","Urban","6:00 PM - 12:00 AM",0,0,0,2,36,3,5,9,10,19,0,0,99,99
7601,20,1339,0,1339,0,29,"SA","Urban","6:00 AM - 12:00 PM",1,1,1,3,110,2,2,10,10,20,1,0,99,99
9099,23,1180,0,1180,0,29,"NSW","Remote","6:00 AM - 12:00 PM",1,1,1,3,63,2,4,10,9,19,1,0,99,99
7836,20,326,0,326,0,33,"NSW","Urban","6:00 AM - 12:00 PM",1,0,0,2,31,4,3,4,0,4,0,0,99,99
4484,12,2804,1225,1579,0,31,"TAS","Urban","6:00 AM - 12:00 PM",0,1,0,3,61,1,3,9,8,17,0,0,99,99
5005,13,1303,0,1303,0,19,"NT","Urban","6:00 PM - 12:00 AM",1,1,1,3,157,1,3,6,5,11,1,0,99,99
661,2,1487,0,1487,1,40,"NSW","Urban","6:00 PM - 12:00 AM",1,1,1,2,162,2,2,6,7,13,0,0,99,99
870,3,3238,1933,1305,0,41,"NSW","Urban","6:00 PM - 12:00 AM",0,0,1,3,144,1,2,10,10,20,0,0,99,99
1154,3,267,0,267,0,23,"TAS","Regional","6:00 AM - 12:00 PM",1,1,0,2,90,1,4,10,10,20,0,0,99,99
7584,19,170,0,170,1,44,"WA","Urban","6:00 PM - 12:00 AM",0,0,0,1,123,2,2,8,5,13,0,0,99,99
3434,9,3501,2475,1026,0,38,"NSW","Urban","6:00 PM - 12:00 AM",0,1,0,3,121,1,3,9,10,19,1,0,99,99
302,1,312,0,312,1,21,"VIC","Urban","12:00 PM - 6:00 PM",1,1,0,3,30,1,2,1,4,5,0,0,99,99
1779,5,343,0,343,0,34,"VIC","Urban","12:00 PM - 6:00 PM",1,1,1,3,174,2,4,6,6,12,1,0,99,99
223,1,1589,1326,263,0,24,"NSW","Urban","12:00 AM - 6:00 AM",1,0,0,2,42,2,4,10,7,17,1,0,99,99
4481,12,2748,1384,1364,1,22,"NSW","Urban","6:00 PM - 12:00 AM",1,1,1,3,78,2,3,6,6,12,0,0,99,99
7281,19,261,0,261,1,64,"NSW","Urban","6:00 AM - 12:00 PM",0,0,1,3,72,1,3,8,8,16,1,0,99,99
2504,7,3581,2234,1347,1,44,"WA","Urban","6:00 PM - 12:00 AM",0,1,0,3,113,1,3,6,5,11,1,0,99,99
3978,10,1104,0,1104,0,64,"VIC","Urban","6:00 PM - 12:00 AM",0,1,0,3,132,2,4,6,8,14,1,0,99,99
8848,23,2625,1543,1082,1,27,"VIC","Urban","6:00 AM - 12:00 PM",1,0,0,1,96,2,3,9,10,19,0,0,99,99
4661,12,990,0,990,0,60,"QLD","Urban","6:00 PM - 12:00 AM",0,1,1,3,105,1,2,8,8,16,1,0,99,99
6115,16,2678,1288,1390,0,31,"VIC","Urban","6:00 AM - 12:00 PM",1,1,0,3,121,2,4,8,8,16,0,0,99,99
687,2,349,0,349,0,25,"NSW","Regional","6:00 PM - 12:00 AM",1,0,1,1,108,1,5,6,6,12,0,0,99,99
6986,18,2363,2363,0,0,-99,"QLD","Urban","6:00 PM - 12:00 AM",0,1,0,3,13,1,3,6,8,14,0,0,99,99
5153,13,807,0,807,1,61,"NSW","Regional","6:00 AM - 12:00 PM",0,0,0,1,77,1,2,10,10,20,0,0,99,99
4221,11,970,0,970,0,-99,"VIC","Urban","12:00 PM - 6:00 PM",0,1,0,1,88,1,3,6,5,11,0,0,99,99
5354,14,2640,1715,925,0,50,"TAS","Urban","6:00 AM - 12:00 PM",1,0,1,3,178,2,2,3,0,3,0,0,99,99
4100,11,2307,2307,0,0,44,"VIC","Urban","6:00 AM - 12:00 PM",0,1,0,2,149,2,4,5,7,12,0,0,99,99
1063,3,1358,0,1358,1,55,"QLD","Regional","6:00 AM - 12:00 PM",0,1,0,3,54,1,3,9,6,15,1,0,99,99
8484,22,1389,0,1389,0,78,"VIC","Urban","6:00 AM - 12:00 PM",0,1,0,3,122,2,4,6,3,9,0,0,99,99
1360,4,890,0,890,1,26,"TAS","Urban","6:00 AM - 12:00 PM",1,1,1,3,30,1,1,8,6,14,0,0,99,99
4246,11,372,0,372,0,48,"NSW","Regional","6:00 AM - 12:00 PM",1,1,0,2,109,2,3,8,9,17,1,0,99,99
9616,25,1706,1095,611,1,43,"QLD","Urban","6:00 PM - 12:00 AM",0,1,1,2,126,3,2,8,9,17,0,0,99,99
9271,24,1758,0,1758,0,54,"SA","Urban","6:00 AM - 12:00 PM",0,0,0,3,135,1,3,7,8,15,0,0,99,99
1221,4,314,0,314,1,22,"WA","Urban","6:00 AM - 12:00 PM",0,1,0,3,36,2,1,7,3,10,0,0,99,99
6706,17,2092,1865,227,0,54,"QLD","Urban","6:00 PM - 12:00 AM",0,1,1,3,104,1,5,7,7,14,0,1,2,1
8290,21,1432,1432,0,1,56,"TAS","Urban","6:00 PM - 12:00 AM",0,0,1,3,135,1,2,7,8,15,1,0,99,99
403,2,3159,1678,1481,0,57,"VIC","Urban","6:00 PM - 12:00 AM",0,1,0,2,120,2,1,10,10,20,0,0,99,99
4255,11,662,0,662,0,37,"VIC","Urban","12:00 AM - 6:00 AM",0,1,1,3,154,3,4,7,6,13,1,0,99,99
8971,23,1045,0,1045,0,43,"NSW","Urban","6:00 PM - 12:00 AM",1,0,0,3,54,1,2,3,2,5,1,0,99,99
3776,10,2208,1479,729,1,35,"NSW","Urban","6:00 PM - 12:00 AM",1,0,1,3,95,2,5,7,5,12,1,0,99,99
5408,14,1095,1095,0,0,23,"NSW","Regional","6:00 PM - 12:00 AM",0,0,1,2,33,1,4,3,5,8,1,1,1,0
3256,9,2352,1638,714,1,51,"NSW","Regional","12:00 AM - 6:00 AM",1,0,0,2,127,2,3,9,8,17,0,0,99,99
2262,6,2523,1525,998,0,59,"NSW","Regional","6:00 PM - 12:00 AM",0,1,0,3,164,2,4,3,1,4,0,0,99,99
1991,5,2267,2031,236,0,36,"WA","Urban","6:00 PM - 12:00 AM",1,1,0,2,96,2,3,3,4,7,0,0,99,99
284,1,3464,1887,1577,1,51,"NT","Remote","12:00 AM - 6:00 AM",0,0,1,3,150,3,3,4,2,6,0,0,99,99
1568,4,357,0,357,0,22,"VIC","Urban","6:00 AM - 12:00 PM",1,1,0,3,18,1,3,3,4,7,0,0,99,99
1653,5,452,0,452,1,35,"VIC","Urban","6:00 PM - 12:00 AM",1,1,0,3,180,2,3,6,4,10,1,0,99,99
7919,20,2172,1332,840,0,27,"SA","Urban","6:00 AM - 12:00 PM",0,1,0,2,90,2,1,6,6,12,1,0,99,99
9063,23,257,0,257,0,29,"NSW","Urban","12:00 PM - 6:00 PM",0,1,0,3,14,1,3,3,5,8,0,0,99,99
7890,20,3264,2149,1115,1,75,"VIC","Urban","12:00 PM - 6:00 PM",0,0,0,3,156,2,3,7,6,13,0,0,99,99
9477,24,862,0,862,1,58,"NSW","Remote","6:00 AM - 12:00 PM",0,0,0,2,70,1,2,5,7,12,0,0,99,99
102,1,715,0,715,1,39,"VIC","Urban","12:00 PM - 6:00 PM",1,1,1,3,144,2,3,5,6,11,0,0,99,99
9854,25,3607,2106,1501,1,-99,"VIC","Urban","6:00 PM - 12:00 AM",0,0,1,3,162,3,4,9,10,19,0,0,99,99
3555,9,3260,2688,572,1,59,"NSW","Urban","6:00 PM - 12:00 AM",1,0,1,2,125,3,3,5,6,11,1,0,99,99
6178,16,2324,1462,862,1,22,"NSW","Regional","12:00 AM - 6:00 AM",1,0,0,3,135,1,2,5,4,9,0,1,2,0
4096,11,1504,1009,495,0,38,"TAS","Urban","6:00 PM - 12:00 AM",1,1,1,3,131,4,2,5,4,9,1,0,99,99
390,1,4291,2165,2126,0,55,"TAS","Regional","6:00 PM - 12:00 AM",0,0,1,2,168,3,2,8,5,13,1,0,99,99
313,1,390,0,390,1,28,"VIC","Urban","12:00 PM - 6:00 PM",1,1,0,3,48,2,2,6,2,8,0,0,99,99
7756,20,2124,1448,676,0,50,"NSW","Urban","6:00 PM - 12:00 AM",0,0,0,1,107,1,3,10,10,20,0,0,99,99
2317,6,1676,1195,481,0,57,"TAS","Urban","6:00 PM - 12:00 AM",0,1,1,2,143,3,3,9,10,19,0,0,99,99
1316,4,3594,1905,1689,1,50,"TAS","Urban","6:00 AM - 12:00 PM",0,0,1,3,42,3,3,5,9,14,0,1,3,0
9607,25,3011,2030,981,1,41,"NSW","Remote","6:00 PM - 12:00 AM",0,0,0,3,164,1,3,3,3,6,0,0,99,99
3834,10,3017,1841,1176,1,45,"QLD","Urban","6:00 PM - 12:00 AM",0,0,0,3,69,2,3,10,8,18,0,0,99,99
2837,8,530,0,530,99,33,"NSW","Remote","6:00 PM - 12:00 AM",0,1,0,3,44,1,4,2,0,2,1,0,99,99
435,2,1552,1244,308,1,39,"NSW","Urban","12:00 PM - 6:00 PM",1,1,1,2,138,2,3,7,7,14,0,1,3,0
2049,6,604,0,604,1,36,"NSW","Regional","6:00 PM - 12:00 AM",0,1,0,1,15,1,3,2,3,5,0,0,99,99
3683,10,1234,1234,0,0,40,"NSW","Regional","6:00 PM - 12:00 AM",0,0,0,3,16,3,3,4,3,7,0,1,2,1
2244,6,2126,0,2126,1,56,"NSW","Regional","6:00 AM - 12:00 PM",1,0,1,3,39,2,3,10,10,20,0,0,99,99
9370,24,1305,0,1305,99,41,"VIC","Urban","12:00 PM - 6:00 PM",1,1,1,2,75,1,5,7,7,14,0,1,1,0
4856,13,64,0,64,0,70,"SA","Urban","6:00 PM - 12:00 AM",0,0,0,2,169,2,4,3,3,6,1,0,99,99
5542,14,811,0,811,1,70,"NSW","Urban","6:00 PM - 12:00 AM",0,1,1,2,36,2,4,6,5,11,0,0,99,99
4214,11,352,0,352,0,20,"NSW","Remote","6:00 PM - 12:00 AM",0,1,0,1,155,1,2,3,0,3,0,1,4,0
2462,7,3520,1799,1721,0,60,"NSW","Remote","6:00 AM - 12:00 PM",1,1,0,3,57,1,2,9,8,17,0,0,99,99
2505,7,161,0,161,1,57,"TAS","Urban","6:00 AM - 12:00 PM",0,1,0,3,171,1,5,3,2,5,0,0,99,99
6836,18,1998,1379,619,0,77,"NSW","Regional","6:00 PM - 12:00 AM",1,1,1,2,155,3,4,6,5,11,0,0,99,99
3153,8,1534,0,1534,1,54,"NSW","Urban","6:00 AM - 12:00 PM",0,1,1,3,118,4,2,7,5,12,0,0,99,99
4882,13,1601,1255,346,1,56,"NSW","Urban","12:00 AM - 6:00 AM",1,1,0,2,99,2,4,10,10,20,1,0,99,99
9775,25,2892,1679,1213,99,40,"NSW","Regional","6:00 AM - 12:00 PM",0,1,1,3,88,3,3,7,8,15,0,0,99,99
8169,21,1243,0,1243,1,67,"WA","Urban","12:00 AM - 6:00 AM",0,0,1,1,97,1,4,10,6,16,0,0,99,99
2245,6,54,0,54,0,58,"NSW","Urban","6:00 PM - 12:00 AM",0,0,0,3,108,1,4,10,10,20,0,0,99,99
9629,25,1644,0,1644,0,76,"TAS","Urban","12:00 PM - 6:00 PM",1,1,1,2,92,4,4,8,9,17,0,0,99,99
4454,12,3014,1945,1069,1,33,"WA","Urban","6:00 PM - 12:00 AM",0,1,0,1,110,2,2,9,10,19,0,1,2,0
7954,20,2570,1401,1169,1,71,"NSW","Remote","6:00 AM - 12:00 PM",0,1,1,2,24,1,3,1,3,4,0,0,99,99
5244,14,1963,1466,497,0,28,"NSW","Remote","12:00 AM - 6:00 AM",0,0,0,3,165,1,4,8,9,17,0,0,99,99
5216,14,180,0,180,0,19,"VIC","Urban","12:00 AM - 6:00 AM",0,0,1,2,157,2,2,7,5,12,0,0,99,99
814,3,3958,1965,1993,0,43,"ACT","Urban","6:00 PM - 12:00 AM",0,1,0,1,162,2,3,0,3,3,0,0,99,99
1285,4,1124,0,1124,1,44,"VIC","Urban","6:00 AM - 12:00 PM",1,1,0,3,24,2,3,4,4,8,0,1,1,0
8879,23,3081,1563,1518,1,65,"VIC","Urban","6:00 AM - 12:00 PM",0,1,1,1,99,2,3,8,9,17,0,0,99,99
8840,23,399,0,399,1,49,"VIC","Urban","12:00 AM - 6:00 AM",0,1,1,2,86,4,2,9,10,19,0,1,5,0
4061,11,1097,0,1097,0,57,"NSW","Regional","12:00 PM - 6:00 PM",0,1,1,3,154,3,3,4,4,8,0,0,99,99
4002,11,2588,0,2588,0,26,"TAS","Urban","6:00 AM - 12:00 PM",1,1,0,3,62,4,2,9,9,18,0,0,99,99
357,1,3602,1853,1749,0,60,"SA","Urban","6:00 PM - 12:00 AM",0,0,0,3,30,1,2,5,7,12,0,0,99,99
5059,13,2981,2290,691,1,44,"WA","Urban","6:00 PM - 12:00 AM",1,1,1,3,40,2,4,9,10,19,0,0,99,99
9990,25,1985,1985,0,1,56,"WA","Urban","6:00 PM - 12:00 AM",1,1,0,2,85,2,3,10,10,20,0,0,99,99
9569,24,3286,2213,1073,0,21,"VIC","Urban","6:00 AM - 12:00 PM",1,0,0,1,12,2,3,0,0,0,0,1,2,1
3846,10,2562,1650,912,0,39,"VIC","Urban","6:00 PM - 12:00 AM",1,0,1,3,165,1,4,4,5,9,0,0,99,99
3762,10,1689,0,1689,0,74,"NSW","Remote","6:00 PM - 12:00 AM",0,0,0,1,176,1,2,4,3,7,1,0,99,99
9162,23,401,0,401,1,75,"NSW","Regional","6:00 AM - 12:00 PM",0,1,0,2,160,1,2,1,2,3,1,0,99,99
2651,7,1633,1620,13,0,60,"NT","Urban","6:00 PM - 12:00 AM",1,1,0,3,83,1,2,10,10,20,0,0,99,99
7430,19,2898,1988,910,0,48,"VIC","Urban","6:00 PM - 12:00 AM",1,0,1,2,82,1,3,10,8,18,1,0,99,99
1426,4,4215,2303,1912,0,51,"NSW","Urban","6:00 AM - 12:00 PM",1,0,0,2,96,3,4,3,6,9,0,0,99,99
2009,6,3637,2294,1343,1,34,"QLD","Urban","6:00 AM - 12:00 PM",0,1,1,1,90,1,3,9,10,19,1,0,99,99
5178,13,2608,693,1915,1,43,"NSW","Urban","6:00 AM - 12:00 PM",1,0,1,3,113,1,3,9,8,17,0,0,99,99
1883,5,1651,1409,242,1,24,"WA","Urban","6:00 PM - 12:00 AM",0,0,0,3,180,1,4,0,3,3,0,0,99,99
5630,15,574,0,574,0,54,"NSW","Urban","12:00 PM - 6:00 PM",0,0,0,3,95,1,3,10,6,16,0,0,99,99
3665,10,3025,2312,713,0,42,"NT","Urban","6:00 AM - 12:00 PM",1,1,0,3,105,2,5,10,9,19,0,0,99,99
2020,6,3383,1942,1441,1,19,"TAS","Urban","12:00 AM - 6:00 AM",1,1,1,2,23,1,3,0,0,0,0,0,99,99
5647,15,2857,2224,633,0,26,"QLD","Urban","12:00 PM - 6:00 PM",1,1,1,1,39,1,3,3,2,5,0,0,99,99
4146,11,966,0,966,0,70,"WA","Urban","6:00 PM - 12:00 AM",0,1,1,2,46,1,4,7,8,15,0,0,99,99
5690,15,2304,1708,596,1,-99,"VIC","Urban","6:00 AM - 12:00 PM",1,1,0,2,91,1,4,6,10,16,0,0,99,99
6777,17,2982,2495,487,99,77,"NSW","Urban","6:00 AM - 12:00 PM",0,1,0,3,26,1,3,0,2,2,1,1,5,0
2852,8,2925,2008,917,1,25,"VIC","Urban","12:00 AM - 6:00 AM",1,1,0,3,158,1,3,9,10,19,0,0,99,99
7413,19,725,0,725,1,74,"NSW","Regional","6:00 AM - 12:00 PM",0,0,0,3,90,2,2,5,4,9,0,0,99,99
742,2,428,0,428,0,22,"QLD","Urban","6:00 PM - 12:00 AM",1,0,0,3,120,2,2,10,10,20,1,0,99,99
9326,24,3348,2607,741,0,45,"SA","Urban","6:00 PM - 12:00 AM",0,0,0,3,37,2,2,10,10,20,0,0,99,99
6047,16,1367,0,1367,0,52,"NT","Urban","6:00 AM - 12:00 PM",1,0,1,3,91,2,4,8,7,15,0,0,99,99
1117,3,685,0,685,0,39,"QLD","Urban","6:00 AM - 12:00 PM",1,1,0,2,144,1,3,10,8,18,1,0,99,99
5323,14,1540,0,1540,1,70,"QLD","Urban","6:00 PM - 12:00 AM",0,0,0,3,151,1,4,8,7,15,1,1,3,0
412,2,278,0,278,0,24,"NSW","Regional","6:00 PM - 12:00 AM",1,1,1,1,150,2,3,6,6,12,0,0,99,99
6908,18,824,0,824,0,69,"WA","Urban","6:00 AM - 12:00 PM",0,0,0,3,143,1,2,10,10,20,0,0,99,99
2569,7,1924,1562,362,0,29,"TAS","Urban","12:00 PM - 6:00 PM",1,0,1,3,15,2,3,0,1,1,0,0,99,99
5608,15,1487,0,1487,0,67,"VIC","Urban","6:00 AM - 12:00 PM",0,1,0,3,47,2,3,8,6,14,0,0,99,99
2022,6,1417,0,1417,0,-99,"NSW","Regional","6:00 AM - 12:00 PM",0,1,0,2,32,1,4,1,3,4,0,0,99,99
9635,25,2651,2476,175,1,45,"QLD","Urban","6:00 PM - 12:00 AM",0,1,0,1,71,3,4,7,5,12,0,0,99,99
1514,4,669,0,669,0,27,"TAS","Remote","6:00 AM - 12:00 PM",1,1,1,3,12,1,2,6,2,8,0,0,99,99
3438,9,3205,1859,1346,1,27,"NSW","Remote","6:00 PM - 12:00 AM",0,1,0,3,89,2,4,6,6,12,0,0,99,99
3502,9,3088,1671,1417,0,29,"WA","Urban","6:00 AM - 12:00 PM",0,1,1,3,74,1,2,5,5,10,0,0,99,99
9623,25,1350,0,1350,0,78,"VIC","Urban","6:00 PM - 12:00 AM",1,1,1,3,82,1,2,9,8,17,1,0,99,99
8628,22,2640,1570,1070,1,51,"NSW","Regional","6:00 AM - 12:00 PM",0,1,0,2,159,2,4,4,6,10,0,0,99,99
8544,22,3004,1426,1578,0,61,"VIC","Urban","6:00 PM - 12:00 AM",0,1,1,3,80,1,3,6,5,11,1,0,99,99
6754,17,2846,2065,781,0,50,"NSW","Regional","12:00 AM - 6:00 AM",1,1,1,1,136,2,2,6,8,14,0,0,99,99
5983,15,2106,1591,515,1,56,"NSW","Urban","6:00 PM - 12:00 AM",1,1,0,1,74,2,4,9,8,17,1,0,99,99
6470,17,850,0,850,1,27,"NSW","Regional","6:00 PM - 12:00 AM",0,1,0,2,43,3,3,10,9,19,0,0,99,99
5623,15,1283,0,1283,0,74,"QLD","Urban","6:00 AM - 12:00 PM",0,0,0,3,43,4,5,9,10,19,0,0,99,99
8113,21,2437,2066,371,1,56,"WA","Urban","6:00 AM - 12:00 PM",0,0,1,2,124,4,3,10,10,20,1,1,5,0
8110,21,317,0,317,0,50,"NT","Urban","6:00 PM - 12:00 AM",0,0,0,2,46,4,3,5,3,8,1,0,99,99
4759,12,3557,1763,1794,1,58,"NSW","Regional","6:00 AM - 12:00 PM",1,1,0,3,176,2,3,4,3,7,1,0,99,99
4188,11,2341,1428,913,1,76,"NSW","Regional","6:00 AM - 12:00 PM",1,0,0,3,78,1,1,5,6,11,1,0,99,99
7740,20,653,0,653,0,76,"TAS","Urban","6:00 PM - 12:00 AM",0,0,0,3,73,1,3,10,10,20,1,1,5,1
2347,6,1287,0,1287,0,-99,"NSW","Regional","6:00 PM - 12:00 AM",0,0,0,3,165,2,3,2,2,4,1,0,99,99
7415,19,3265,2278,987,0,38,"NSW","Regional","6:00 PM - 12:00 AM",1,1,1,2,108,3,4,10,9,19,0,1,3,0
1497,4,3208,1921,1287,1,48,"NSW","Urban","6:00 AM - 12:00 PM",0,0,1,3,150,2,3,10,9,19,0,0,99,99
6282,16,2969,1887,1082,1,48,"TAS","Urban","6:00 PM - 12:00 AM",0,0,0,1,81,1,2,9,9,18,1,0,99,99
9423,24,2838,1798,1040,0,26,"QLD","Urban","6:00 PM - 12:00 AM",0,1,0,1,148,1,3,3,1,4,1,1,5,1
7804,20,2634,833,1801,1,45,"VIC","Urban","12:00 AM - 6:00 AM",0,1,0,3,72,4,3,9,10,19,0,0,99,99
4700,12,506,0,506,1,39,"QLD","Urban","6:00 PM - 12:00 AM",0,1,0,1,101,2,2,6,3,9,0,0,99,99
5337,14,3300,2000,1300,0,77,"WA","Urban","6:00 AM - 12:00 PM",0,1,1,3,150,1,3,7,2,9,0,1,5,0
4234,11,1077,0,1077,0,49,"SA","Urban","6:00 PM - 12:00 AM",0,1,0,2,154,2,1,2,2,4,0,0,99,99
2426,7,3586,1769,1817,99,27,"NSW","Regional","6:00 PM - 12:00 AM",0,1,0,3,155,2,5,10,8,18,1,0,99,99
8665,22,2795,2064,731,1,22,"VIC","Urban","6:00 AM - 12:00 PM",0,0,0,3,99,2,2,10,7,17,0,0,99,99
3702,10,1045,0,1045,1,53,"WA","Urban","6:00 PM - 12:00 AM",1,0,0,3,31,2,3,4,5,9,1,0,99,99
869,3,3620,2083,1537,0,47,"NT","Remote","6:00 PM - 12:00 AM",0,1,0,3,132,2,3,10,10,20,1,0,99,99
6459,17,3118,1813,1305,1,60,"VIC","Urban","6:00 PM - 12:00 AM",1,0,1,3,147,1,3,8,4,12,0,0,99,99
4129,11,903,0,903,1,57,"NSW","Regional","6:00 AM - 12:00 PM",0,1,0,3,47,3,2,6,7,13,0,0,99,99
4857,13,2735,1917,818,0,38,"NSW","Regional","6:00 AM - 12:00 PM",0,1,0,2,56,1,4,9,7,16,1,0,99,99
7363,19,1510,0,1510,0,52,"QLD","Urban","6:00 PM - 12:00 AM",1,0,0,3,119,3,4,10,10,20,1,0,99,99
9393,24,2579,2026,553,0,18,"VIC","Urban","6:00 AM - 12:00 PM",0,0,0,3,47,1,2,6,9,15,1,0,99,99
1848,5,288,0,288,1,27,"NT","Urban","6:00 PM - 12:00 AM",0,1,0,3,108,1,2,7,6,13,0,0,99,99
5986,15,1325,0,1325,1,70,"NT","Urban","12:00 PM - 6:00 PM",0,1,0,3,146,2,2,8,7,15,0,0,99,99
2805,8,2343,1801,542,0,20,"NSW","Urban","6:00 AM - 12:00 PM",1,0,0,3,118,4,4,7,9,16,1,0,99,99
7776,20,2244,2244,0,0,56,"VIC","Urban","12:00 AM - 6:00 AM",0,1,0,2,96,1,4,5,8,13,1,1,5,1
3949,10,1240,0,1240,0,52,"NSW","Urban","6:00 PM - 12:00 AM",0,1,1,3,51,2,2,5,5,10,1,0,99,99
7998,20,2175,1162,1013,0,67,"NSW","Remote","6:00 AM - 12:00 PM",0,1,0,2,137,1,2,7,8,15,0,0,99,99
8849,23,1733,0,1733,1,21,"VIC","Urban","6:00 PM - 12:00 AM",1,1,0,1,153,2,4,8,5,13,0,0,99,99
1313,4,1376,0,1376,0,43,"NSW","Regional","12:00 PM - 6:00 PM",1,1,1,1,78,2,4,5,4,9,0,1,1,0
8714,22,3175,2997,178,1,43,"NSW","Regional","6:00 AM - 12:00 PM",0,1,1,3,107,1,3,7,4,11,0,0,99,99
6492,17,589,0,589,99,46,"TAS","Urban","6:00 AM - 12:00 PM",0,0,0,2,40,4,3,7,8,15,0,0,99,99
4296,11,2011,1682,329,0,75,"TAS","Urban","6:00 PM - 12:00 AM",1,1,1,1,104,4,3,7,8,15,0,0,99,99
6344,16,336,0,336,1,28,"VIC","Urban","6:00 PM - 12:00 AM",0,1,1,3,113,2,3,10,10,20,1,0,99,99
43,1,3818,2089,1729,0,59,"NSW","Urban","12:00 AM - 6:00 AM",1,0,1,3,66,2,3,10,10,20,0,0,99,99
5181,13,1320,0,1320,1,55,"NSW","Urban","6:00 AM - 12:00 PM",0,0,0,2,127,2,3,10,7,17,1,0,99,99
1503,4,3335,1732,1603,0,45,"WA","Urban","6:00 AM - 12:00 PM",0,0,0,2,12,1,2,0,0,0,0,0,99,99
1116,3,202,0,202,0,42,"VIC","Urban","6:00 AM - 12:00 PM",1,1,0,1,102,1,2,5,4,9,0,0,99,99
5120,13,2878,1749,1129,0,45,"VIC","Urban","12:00 PM - 6:00 PM",0,0,0,3,157,4,4,8,8,16,0,1,4,0
4512,12,1417,0,1417,0,49,"TAS","Urban","6:00 AM - 12:00 PM",1,1,1,2,105,2,4,10,9,19,0,0,99,99
3301,9,3545,2771,774,1,67,"SA","Urban","12:00 PM - 6:00 PM",1,1,0,3,136,1,3,8,10,18,0,0,99,99
3747,10,3338,2197,1141,0,56,"NSW","Regional","6:00 AM - 12:00 PM",1,1,0,3,17,1,2,1,1,2,0,0,99,99
94,1,815,0,815,1,24,"VIC","Urban","12:00 AM - 6:00 AM",0,1,1,2,42,2,3,9,8,17,0,1,3,0
9286,24,686,0,686,1,55,"WA","Urban","6:00 AM - 12:00 PM",0,0,0,3,141,1,4,10,10,20,0,1,0,1
8034,21,2206,1840,366,1,18,"QLD","Urban","6:00 AM - 12:00 PM",0,1,0,3,50,3,1,8,7,15,0,0,99,99
2772,7,2724,1539,1185,0,62,"VIC","Urban","12:00 PM - 6:00 PM",0,0,0,2,119,1,3,8,6,14,0,0,99,99
5165,13,3721,1744,1977,0,32,"WA","Urban","12:00 AM - 6:00 AM",1,1,0,3,94,1,4,5,5,10,0,0,99,99
6216,16,1975,0,1975,1,76,"NSW","Urban","12:00 AM - 6:00 AM",1,1,0,2,161,4,3,3,3,6,0,0,99,99
8179,21,686,0,686,0,52,"NSW","Regional","6:00 PM - 12:00 AM",1,1,1,3,75,2,2,6,9,15,1,0,99,99
6140,16,2789,2054,735,99,46,"NSW","Urban","6:00 AM - 12:00 PM",1,1,0,2,48,1,2,4,5,9,0,1,0,0
8355,21,799,0,799,1,37,"NSW","Remote","12:00 AM - 6:00 AM",0,0,0,1,164,3,3,9,10,19,0,0,99,99
7839,20,1415,0,1415,0,73,"NSW","Urban","6:00 AM - 12:00 PM",0,1,1,2,135,1,1,7,10,17,1,0,99,99
1524,4,973,0,973,1,26,"NSW","Urban","12:00 PM - 6:00 PM",1,1,0,2,96,2,4,8,10,18,0,0,99,99
7058,18,1393,0,1393,1,76,"NSW","Remote","12:00 PM - 6:00 PM",0,1,0,1,27,4,1,0,0,0,0,0,99,99
3819,10,2530,2377,153,0,23,"NSW","Remote","12:00 PM - 6:00 PM",0,1,0,3,49,4,4,7,7,14,0,0,99,99
7473,19,1421,1421,0,0,45,"WA","Urban","6:00 PM - 12:00 AM",0,1,0,1,159,1,3,9,8,17,0,0,99,99
9912,25,448,0,448,0,42,"VIC","Urban","12:00 AM - 6:00 AM",1,0,0,3,49,2,3,9,7,16,0,0,99,99
4992,13,2354,1793,561,0,23,"NSW","Remote","6:00 AM - 12:00 PM",0,0,1,3,151,2,3,5,5,10,0,0,99,99
9595,24,3788,2055,1733,1,46,"QLD","Urban","12:00 PM - 6:00 PM",0,1,0,3,97,1,3,7,9,16,0,0,99,99
2477,7,1861,1749,112,1,39,"NSW","Remote","6:00 AM - 12:00 PM",1,0,0,2,101,2,3,9,6,15,0,0,99,99
4044,11,483,0,483,0,32,"QLD","Urban","6:00 AM - 12:00 PM",1,1,0,3,37,1,4,9,10,19,0,0,99,99
1086,3,3180,1789,1391,0,54,"VIC","Urban","6:00 AM - 12:00 PM",0,0,0,1,126,1,3,5,5,10,1,0,99,99
2028,6,1195,0,1195,1,37,"NSW","Regional","6:00 PM - 12:00 AM",0,1,1,3,71,2,4,10,9,19,1,0,99,99
59,1,967,0,967,0,45,"WA","Urban","12:00 AM - 6:00 AM",0,1,0,3,72,2,2,7,3,10,1,0,99,99
6180,16,1987,1987,0,1,28,"NSW","Remote","6:00 PM - 12:00 AM",0,0,0,3,177,1,5,2,2,4,0,0,99,99
9103,23,80,0,80,1,38,"TAS","Urban","6:00 PM - 12:00 AM",1,0,0,3,145,2,3,4,2,6,0,1,4,0
8645,22,883,0,883,1,76,"NT","Urban","6:00 PM - 12:00 AM",0,1,0,3,53,3,3,3,1,4,1,0,99,99
5415,14,2847,2314,533,1,55,"VIC","Urban","6:00 AM - 12:00 PM",0,0,0,3,145,1,2,6,3,9,1,0,99,99
7099,18,1220,0,1220,1,72,"SA","Urban","6:00 PM - 12:00 AM",1,1,1,3,116,2,1,6,7,13,0,0,99,99
4619,12,2396,1202,1194,1,-99,"TAS","Urban","6:00 AM - 12:00 PM",1,0,0,3,92,1,3,10,8,18,0,0,99,99
6073,16,666,0,666,0,36,"NT","Urban","6:00 PM - 12:00 AM",0,1,1,1,40,3,3,2,3,5,0,0,99,99
3175,8,2895,2366,529,0,70,"NSW","Remote","6:00 AM - 12:00 PM",0,0,0,1,113,1,2,10,9,19,0,0,99,99
432,2,162,0,162,1,22,"NT","Urban","6:00 PM - 12:00 AM",1,1,0,3,30,1,4,7,6,13,0,0,99,99
8464,22,1654,1512,142,99,64,"SA","Urban","6:00 PM - 12:00 AM",0,1,0,3,137,1,4,7,8,15,0,1,2,0
9331,24,2674,1540,1134,0,76,"NSW","Remote","6:00 AM - 12:00 PM",1,1,1,3,155,1,3,4,1,5,0,0,99,99
2208,6,2293,1814,479,0,64,"WA","Urban","6:00 PM - 12:00 AM",0,1,0,3,120,1,3,8,9,17,0,0,99,99
7395,19,2888,2296,592,0,76,"NSW","Urban","6:00 PM - 12:00 AM",0,1,0,1,102,1,3,9,9,18,0,1,2,0
3754,10,2745,1906,839,1,36,"SA","Urban","6:00 AM - 12:00 PM",0,1,1,3,143,1,1,6,4,10,0,0,99,99
5140,13,3773,1858,1915,1,38,"NSW","Regional","6:00 PM - 12:00 AM",1,0,1,2,42,2,3,6,6,12,0,1,5,0
7424,19,2787,1950,837,0,34,"VIC","Urban","6:00 PM - 12:00 AM",0,0,0,3,107,1,3,6,6,12,0,0,99,99
8977,23,1176,0,1176,1,57,"WA","Urban","6:00 PM - 12:00 AM",1,1,1,1,32,2,3,2,2,4,1,1,3,0
619,2,2003,1673,330,1,44,"VIC","Regional","6:00 PM - 12:00 AM",1,1,0,3,138,2,3,6,2,8,0,0,99,99
6540,17,1877,0,1877,0,42,"QLD","Urban","6:00 PM - 12:00 AM",0,1,0,3,161,1,2,4,3,7,0,0,99,99
883,3,1530,1174,356,0,44,"SA","Urban","6:00 AM - 12:00 PM",1,1,1,3,60,1,3,6,10,16,1,0,99,99
7522,19,1493,0,1493,0,68,"NT","Urban","12:00 PM - 6:00 PM",0,0,1,2,160,2,3,7,5,12,1,0,99,99
4669,12,1149,0,1149,1,29,"NSW","Regional","6:00 AM - 12:00 PM",0,1,1,3,105,2,3,9,10,19,0,0,99,99
2933,8,1958,1160,798,0,32,"TAS","Urban","6:00 AM - 12:00 PM",0,0,1,2,53,1,4,10,7,17,0,0,99,99
3209,9,2071,0,2071,1,41,"NSW","Urban","6:00 PM - 12:00 AM",0,0,0,2,65,1,3,9,9,18,0,0,99,99
8688,22,2341,1945,396,0,54,"VIC","Urban","6:00 PM - 12:00 AM",0,1,1,1,132,1,2,8,9,17,0,0,99,99
7508,19,2172,2172,0,0,42,"WA","Urban","6:00 PM - 12:00 AM",1,1,1,2,12,1,2,2,1,3,0,0,99,99
6369,16,2199,1486,713,0,44,"VIC","Urban","6:00 PM - 12:00 AM",0,1,0,1,114,1,4,9,6,15,0,0,99,99
1008,3,1966,1460,506,0,49,"VIC","Urban","6:00 AM - 12:00 PM",0,1,0,3,18,2,2,0,2,2,0,0,99,99
9295,24,1708,1606,102,1,29,"QLD","Urban","6:00 AM - 12:00 PM",1,0,1,3,108,1,3,10,7,17,0,0,99,99
6786,17,317,0,317,0,68,"QLD","Urban","6:00 AM - 12:00 PM",0,1,1,3,53,1,3,7,6,13,1,0,99,99
5760,15,1613,0,1613,1,59,"NSW","Regional","6:00 PM - 12:00 AM",1,1,1,2,142,1,1,7,10,17,0,0,99,99
586,2,479,0,479,0,35,"NSW","Urban","6:00 PM - 12:00 AM",1,1,0,3,66,2,2,3,2,5,0,0,99,99
9966,25,1597,1597,0,0,60,"WA","Urban","6:00 AM - 12:00 PM",0,0,1,3,135,2,2,9,10,19,0,0,99,99
1160,3,4289,2521,1768,0,47,"ACT","Regional","6:00 AM - 12:00 PM",0,0,1,1,174,4,2,8,7,15,1,0,99,99
2759,7,1450,1450,0,1,27,"WA","Urban","6:00 PM - 12:00 AM",0,1,1,3,37,3,3,4,0,4,0,0,99,99
6452,17,1144,0,1144,0,41,"WA","Urban","6:00 AM - 12:00 PM",0,1,0,1,86,3,4,10,8,18,1,0,99,99
600,2,413,0,413,0,24,"NSW","Remote","6:00 PM - 12:00 AM",0,1,0,3,96,1,2,6,6,12,1,0,99,99
9871,25,1391,0,1391,0,37,"NSW","Urban","12:00 PM - 6:00 PM",0,1,1,3,144,4,2,1,3,4,0,0,99,99
7271,19,3160,2057,1103,1,-99,"TAS","Urban","12:00 AM - 6:00 AM",1,1,1,3,112,1,3,7,4,11,0,0,99,99
9983,25,1356,0,1356,0,28,"NSW","Urban","6:00 PM - 12:00 AM",0,1,0,3,88,1,3,10,10,20,1,0,99,99
2811,8,695,0,695,1,50,"VIC","Urban","6:00 PM - 12:00 AM",1,1,0,2,132,3,4,6,8,14,0,0,99,99
9763,25,2049,2049,0,1,75,"TAS","Urban","12:00 AM - 6:00 AM",0,0,1,3,158,1,3,4,3,7,0,0,99,99
145,1,4529,2607,1922,0,49,"VIC","Urban","12:00 AM - 6:00 AM",0,0,0,2,48,2,4,9,10,19,0,0,99,99
3589,9,600,0,600,0,68,"WA","Urban","6:00 PM - 12:00 AM",0,0,1,3,84,1,2,10,10,20,0,0,99,99
7775,20,2941,2076,865,0,65,"VIC","Urban","6:00 PM - 12:00 AM",1,1,0,2,158,2,2,9,10,19,0,1,5,0
7284,19,1782,0,1782,1,42,"NSW","Regional","6:00 PM - 12:00 AM",0,0,1,3,154,1,3,6,3,9,0,1,3,1
9774,25,3212,1586,1626,1,22,"WA","Urban","12:00 AM - 6:00 AM",0,0,0,2,177,2,2,0,1,1,0,0,99,99
3548,9,1875,1875,0,1,34,"NSW","Urban","6:00 PM - 12:00 AM",1,1,0,3,96,1,4,10,10,20,0,1,3,1
130,1,589,0,589,0,26,"NSW","Remote","12:00 AM - 6:00 AM",0,0,0,2,126,2,3,10,10,20,1,0,99,99
9107,23,3128,2076,1052,1,21,"NSW","Remote","6:00 AM - 12:00 PM",1,0,1,3,46,1,3,9,9,18,1,0,99,99
6226,16,2000,1765,235,1,30,"NSW","Urban","12:00 AM - 6:00 AM",1,1,0,1,158,1,2,6,4,10,0,0,99,99
1305,4,4264,2092,2172,1,51,"SA","Regional","6:00 AM - 12:00 PM",1,0,0,1,126,3,2,4,2,6,0,0,99,99
3844,10,1239,0,1239,1,77,"NSW","Regional","6:00 PM - 12:00 AM",1,0,0,1,176,2,2,0,0,0,0,1,5,0
761,2,3196,1795,1401,0,47,"NSW","Urban","6:00 PM - 12:00 AM",0,0,0,1,174,4,4,3,7,10,0,0,99,99
1726,5,957,0,957,0,35,"NSW","Urban","6:00 PM - 12:00 AM",0,1,1,1,150,2,3,1,4,5,0,1,1,1
7067,18,2832,2056,776,1,34,"NSW","Remote","12:00 AM - 6:00 AM",1,1,0,1,52,1,2,10,10,20,1,0,99,99
1637,5,3506,1861,1645,0,59,"NT","Urban","6:00 PM - 12:00 AM",0,0,1,3,42,2,4,9,9,18,1,1,5,0
6607,17,2458,1650,808,0,45,"NT","Urban","6:00 PM - 12:00 AM",1,0,0,3,59,3,2,2,3,5,0,0,99,99
9207,24,1379,0,1379,1,72,"QLD","Urban","6:00 AM - 12:00 PM",1,1,0,1,47,2,4,9,7,16,0,0,99,99
4987,13,1861,0,1861,0,69,"WA","Urban","12:00 AM - 6:00 AM",0,0,0,3,161,3,2,4,1,5,0,0,99,99
1553,4,3877,2114,1763,1,41,"NSW","Urban","6:00 AM - 12:00 PM",0,0,1,3,48,2,4,10,10,20,0,0,99,99
642,2,3229,1879,1350,1,59,"NSW","Urban","6:00 PM - 12:00 AM",1,1,0,3,132,2,3,8,3,11,0,1,3,1
4444,12,354,0,354,1,72,"VIC","Urban","6:00 PM - 12:00 AM",0,1,1,3,79,1,3,5,2,7,0,0,99,99
1176,3,2823,1627,1196,0,56,"QLD","Urban","6:00 AM - 12:00 PM",1,0,0,3,162,2,3,7,7,14,1,1,4,0
5026,13,3510,2752,758,0,33,"TAS","Urban","6:00 AM - 12:00 PM",0,1,0,3,68,2,5,5,7,12,0,0,99,99
4253,11,3252,1970,1282,0,65,"WA","Urban","6:00 PM - 12:00 AM",1,1,0,2,141,2,3,6,5,11,0,0,99,99
1743,5,1414,0,1414,1,41,"ACT","Urban","6:00 PM - 12:00 AM",1,1,0,3,156,4,2,2,2,4,0,0,99,99
4013,11,2908,1792,1116,0,65,"NT","Urban","6:00 PM - 12:00 AM",0,1,1,3,45,2,2,10,10,20,0,0,99,99
2032,6,2861,2290,571,0,19,"WA","Urban","6:00 PM - 12:00 AM",1,1,0,3,117,2,3,8,9,17,0,0,99,99
6362,16,4137,1823,2314,0,32,"NSW","Regional","6:00 PM - 12:00 AM",0,0,0,2,108,4,4,10,10,20,1,1,2,1
8663,22,2253,1614,639,0,66,"NSW","Remote","12:00 AM - 6:00 AM",0,0,0,1,84,4,5,10,10,20,1,0,99,99
146,1,1656,1491,165,1,28,"QLD","Urban","12:00 AM - 6:00 AM",1,1,0,3,90,2,3,10,6,16,0,0,99,99
8961,23,3193,1748,1445,0,43,"NSW","Urban","6:00 AM - 12:00 PM",0,0,1,3,167,1,2,3,4,7,1,0,99,99
5399,14,119,0,119,1,64,"NSW","Regional","6:00 PM - 12:00 AM",0,1,0,2,80,1,4,5,2,7,0,0,99,99
7299,19,4282,1639,2643,0,19,"VIC","Urban","6:00 AM - 12:00 PM",1,1,1,3,87,3,4,9,9,18,1,0,99,99
2694,7,3291,1821,1470,1,36,"NSW","Regional","12:00 PM - 6:00 PM",0,1,1,3,84,3,4,10,8,18,1,1,5,0
1125,3,401,0,401,1,29,"VIC","Remote","12:00 PM - 6:00 PM",1,1,1,3,54,2,2,10,9,19,0,0,99,99
3707,10,2732,1503,1229,0,58,"NT","Urban","6:00 AM - 12:00 PM",1,0,1,3,43,1,2,3,1,4,1,0,99,99
2149,6,1766,1084,682,1,61,"NSW","Regional","6:00 PM - 12:00 AM",0,1,0,3,58,3,4,9,8,17,0,0,99,99
933,3,1110,0,1110,1,44,"VIC","Urban","6:00 AM - 12:00 PM",1,1,0,1,36,2,3,4,8,12,0,0,99,99
6474,17,2298,1172,1126,0,-99,"NSW","Urban","6:00 AM - 12:00 PM",1,1,1,3,43,3,3,9,10,19,0,0,99,99
1152,3,4519,2550,1969,1,50,"NSW","Urban","6:00 AM - 12:00 PM",0,0,1,3,150,1,3,3,3,6,0,0,99,99
5687,15,2030,1524,506,0,42,"VIC","Urban","12:00 PM - 6:00 PM",0,1,1,2,21,2,4,0,0,0,0,1,4,0
8569,22,269,0,269,1,33,"VIC","Urban","6:00 AM - 12:00 PM",1,0,1,1,108,1,3,6,4,10,1,0,99,99
5027,13,421,0,421,1,77,"QLD","Urban","6:00 PM - 12:00 AM",0,1,1,3,54,3,2,9,10,19,0,0,99,99
6169,16,3401,2045,1356,0,41,"SA","Urban","6:00 PM - 12:00 AM",0,0,0,3,88,1,1,10,8,18,0,0,99,99
1749,5,1716,1372,344,1,34,"NSW","Urban","6:00 PM - 12:00 AM",1,1,1,1,54,2,4,9,5,14,1,0,99,99
7916,20,3261,2045,1216,0,77,"NSW","Regional","12:00 AM - 6:00 AM",1,1,0,3,125,1,3,8,10,18,0,0,99,99
12,1,859,0,859,0,33,"NSW","Regional","12:00 AM - 6:00 AM",1,1,0,3,66,2,4,2,5,7,0,0,99,99
6415,17,973,636,337,0,28,"TAS","Urban","12:00 AM - 6:00 AM",0,1,0,3,93,1,2,5,3,8,0,0,99,99
5936,15,2235,1730,505,1,76,"NSW","Urban","6:00 AM - 12:00 PM",0,0,0,3,140,1,4,6,2,8,0,0,99,99
7978,20,2425,2049,376,1,36,"VIC","Urban","6:00 AM - 12:00 PM",0,1,0,1,163,1,2,4,3,7,1,1,5,0
2472,7,3217,1950,1267,1,38,"VIC","Urban","6:00 PM - 12:00 AM",1,0,1,2,57,3,4,9,9,18,1,0,99,99
5684,15,790,0,790,0,55,"TAS","Urban","6:00 AM - 12:00 PM",1,0,1,3,127,2,2,7,10,17,0,0,99,99
3426,9,651,0,651,1,44,"NSW","Regional","6:00 PM - 12:00 AM",0,0,1,2,62,2,2,8,6,14,0,0,99,99
5373,14,3193,1951,1242,99,31,"NT","Urban","6:00 AM - 12:00 PM",1,1,1,2,126,1,4,10,10,20,0,0,99,99
1513,4,413,0,413,1,26,"QLD","Urban","12:00 PM - 6:00 PM",1,1,1,2,84,2,3,4,3,7,0,0,99,99
5444,14,2720,1778,942,0,32,"VIC","Urban","12:00 PM - 6:00 PM",0,1,1,3,95,1,2,8,8,16,1,0,99,99
6973,18,3173,1904,1269,0,47,"WA","Urban","6:00 AM - 12:00 PM",1,0,0,3,70,4,1,9,9,18,1,0,99,99
2734,7,1372,0,1372,1,77,"TAS","Urban","6:00 PM - 12:00 AM",0,0,0,1,101,1,3,5,4,9,0,0,99,99
3922,10,1970,922,1048,1,53,"SA","Urban","12:00 AM - 6:00 AM",1,1,1,3,82,1,4,8,3,11,0,0,99,99
6565,17,915,0,915,0,53,"NSW","Regional","6:00 AM - 12:00 PM",0,0,0,1,71,2,3,10,9,19,1,0,99,99
983,3,878,0,878,0,35,"VIC","Urban","6:00 AM - 12:00 PM",1,1,1,3,138,1,2,10,10,20,1,0,99,99
1894,5,4322,2512,1810,0,53,"NSW","Urban","6:00 PM - 12:00 AM",1,1,0,2,162,2,3,4,3,7,0,0,99,99
4988,13,3621,1667,1954,1,58,"NSW","Urban","6:00 PM - 12:00 AM",1,1,0,3,98,2,3,10,10,20,0,0,99,99
9985,25,3024,1856,1168,0,63,"NSW","Regional","12:00 AM - 6:00 AM",1,1,0,1,80,3,3,9,6,15,0,0,99,99
2109,6,1464,0,1464,1,34,"NSW","Urban","12:00 AM - 6:00 AM",0,1,1,3,84,1,4,8,10,18,1,0,99,99
1780,5,268,0,268,1,22,"QLD","Urban","12:00 PM - 6:00 PM",1,1,1,3,90,1,3,8,8,16,0,0,99,99
3641,10,2617,2064,553,1,54,"NSW","Regional","6:00 AM - 12:00 PM",1,1,1,1,18,1,2,4,1,5,1,0,99,99
523,2,328,0,328,0,29,"NSW","Urban","6:00 PM - 12:00 AM",1,1,0,3,162,2,2,3,6,9,0,0,99,99
5981,15,443,0,443,0,71,"NSW","Urban","6:00 PM - 12:00 AM",0,0,0,2,179,2,2,0,0,0,0,0,99,99
8467,22,2822,1458,1364,0,-99,"NSW","Remote","6:00 PM - 12:00 AM",0,0,0,2,164,3,3,3,2,5,1,0,99,99
1627,5,245,0,245,0,24,"QLD","Urban","6:00 PM - 12:00 AM",1,1,1,2,96,1,5,7,7,14,1,0,99,99
8758,22,1854,0,1854,0,46,"NSW","Regional","6:00 AM - 12:00 PM",1,0,0,3,51,2,3,6,6,12,1,0,99,99
5082,13,3432,1873,1559,0,68,"SA","Urban","12:00 AM - 6:00 AM",1,1,1,3,12,1,2,0,0,0,0,0,99,99
8742,22,1511,0,1511,1,25,"QLD","Urban","6:00 AM - 12:00 PM",1,1,1,3,58,3,4,9,8,17,0,0,99,99
6861,18,2673,2302,371,0,33,"NSW","Regional","6:00 AM - 12:00 PM",0,1,0,3,106,1,2,8,9,17,0,0,99,99
9564,24,1733,1733,0,1,67,"QLD","Urban","6:00 PM - 12:00 AM",0,1,1,3,22,1,4,0,2,2,1,0,99,99
5163,13,2168,1169,999,1,38,"TAS","Urban","12:00 PM - 6:00 PM",1,1,1,1,73,2,2,10,9,19,0,0,99,99
4165,11,2988,2594,394,0,26,"SA","Urban","12:00 AM - 6:00 AM",1,0,0,3,144,3,3,7,7,14,0,0,99,99
3693,10,1047,0,1047,1,57,"TAS","Urban","6:00 PM - 12:00 AM",1,0,0,2,129,1,3,9,7,16,0,0,99,99
2278,6,2868,1446,1422,1,37,"VIC","Urban","6:00 PM - 12:00 AM",1,1,1,2,23,2,3,0,0,0,1,0,99,99
5729,15,2369,1452,917,1,23,"WA","Urban","6:00 PM - 12:00 AM",0,0,1,3,53,1,3,8,8,16,0,0,99,99
1604,5,180,0,180,1,38,"VIC","Regional","6:00 AM - 12:00 PM",1,0,0,3,90,1,5,9,10,19,1,0,99,99
1402,4,533,0,533,1,39,"NSW","Urban","12:00 PM - 6:00 PM",0,1,0,3,66,1,5,7,10,17,1,0,99,99
8282,21,1914,0,1914,0,67,"NT","Urban","6:00 PM - 12:00 AM",0,1,1,3,17,1,4,0,0,0,0,0,99,99
7790,20,2306,1726,580,1,78,"NT","Urban","12:00 AM - 6:00 AM",0,1,0,2,137,1,3,9,10,19,1,0,99,99
5344,14,3106,2040,1066,0,43,"NT","Urban","6:00 AM - 12:00 PM",1,0,1,2,34,1,2,9,10,19,0,0,99,99
2825,8,553,0,553,0,27,"NSW","Regional","6:00 AM - 12:00 PM",0,1,1,3,86,2,3,10,10,20,0,0,99,99
1388,4,2735,1586,1149,1,59,"QLD","Urban","6:00 AM - 12:00 PM",0,1,0,3,180,1,4,0,0,0,0,0,99,99
6797,17,3705,2359,1346,0,42,"WA","Urban","12:00 PM - 6:00 PM",1,0,0,3,16,2,3,0,0,0,0,0,99,99
2849,8,1078,0,1078,0,73,"NSW","Regional","6:00 PM - 12:00 AM",0,0,1,2,180,1,3,4,7,11,0,0,99,99
1877,5,3132,1725,1407,1,43,"NT","Urban","6:00 PM - 12:00 AM",0,0,0,3,90,4,3,10,10,20,0,0,99,99
8691,22,1342,0,1342,0,33,"NSW","Urban","6:00 AM - 12:00 PM",1,1,0,2,14,2,4,4,8,12,0,0,99,99
4952,13,2674,1955,719,1,49,"VIC","Urban","6:00 AM - 12:00 PM",1,0,0,2,41,1,2,4,4,8,0,0,99,99
4778,12,1080,0,1080,1,48,"VIC","Urban","6:00 AM - 12:00 PM",0,0,1,3,29,1,2,4,5,9,0,1,3,0
4356,11,1303,0,1303,1,65,"SA","Urban","6:00 PM - 12:00 AM",0,1,0,2,57,3,4,6,10,16,0,1,5,0
9269,24,673,0,673,0,48,"TAS","Urban","6:00 PM - 12:00 AM",0,0,1,3,68,1,4,7,10,17,0,0,99,99
9737,25,1911,1271,640,1,57,"VIC","Urban","6:00 AM - 12:00 PM",0,1,0,3,50,2,3,9,10,19,1,0,99,99
3773,10,1325,0,1325,0,75,"NT","Urban","6:00 PM - 12:00 AM",0,1,0,3,98,1,3,8,9,17,0,1,0,1
8823,23,1308,0,1308,0,-99,"VIC","Urban","12:00 AM - 6:00 AM",0,1,1,3,73,1,4,6,6,12,0,0,99,99
1077,3,465,0,465,1,29,"NSW","Urban","6:00 AM - 12:00 PM",1,1,0,2,60,2,3,6,5,11,0,0,99,99
5898,15,2712,962,1750,0,23,"NSW","Urban","6:00 AM - 12:00 PM",0,0,1,3,172,2,5,6,4,10,0,0,99,99
8167,21,1661,1433,228,0,69,"NSW","Remote","6:00 PM - 12:00 AM",1,1,1,3,25,1,4,3,6,9,1,0,99,99
3500,9,2346,1610,736,0,24,"QLD","Urban","6:00 PM - 12:00 AM",0,1,1,3,73,1,3,6,6,12,1,0,99,99
8675,22,988,0,988,1,36,"WA","Urban","6:00 PM - 12:00 AM",0,1,1,3,80,2,4,10,10,20,0,0,99,99
5478,14,1387,0,1387,0,41,"NSW","Regional","6:00 PM - 12:00 AM",0,0,0,2,71,3,4,10,8,18,0,0,99,99
2443,7,2827,1772,1055,0,26,"NSW","Regional","6:00 PM - 12:00 AM",1,0,0,3,22,2,4,0,0,0,0,0,99,99
8183,21,981,0,981,1,18,"QLD","Urban","6:00 AM - 12:00 PM",1,1,0,3,116,2,3,7,5,12,1,1,1,0
3666,10,1194,0,1194,1,44,"VIC","Urban","6:00 PM - 12:00 AM",1,1,0,3,24,2,2,0,0,0,0,0,99,99
6065,16,1784,0,1784,0,71,"NT","Urban","6:00 AM - 12:00 PM",0,0,0,1,142,1,4,7,5,12,0,0,99,99
4078,11,1735,0,1735,0,76,"SA","Urban","12:00 PM - 6:00 PM",1,1,0,3,87,3,3,10,9,19,0,0,99,99
55,1,2212,1941,271,0,43,"VIC","Urban","12:00 AM - 6:00 AM",1,1,1,2,138,2,2,2,4,6,0,0,99,99
8479,22,3307,2032,1275,0,34,"VIC","Urban","6:00 PM - 12:00 AM",0,1,0,2,150,1,3,5,3,8,0,0,99,99
5533,14,1370,0,1370,0,39,"NSW","Urban","6:00 PM - 12:00 AM",1,0,1,2,46,3,3,9,10,19,1,1,1,1
9304,24,1529,0,1529,1,54,"NT","Urban","6:00 PM - 12:00 AM",0,0,0,3,60,1,2,6,4,10,0,0,99,99
6745,17,1798,1798,0,1,47,"QLD","Urban","6:00 PM - 12:00 AM",0,1,1,2,121,1,4,8,10,18,0,0,99,99
1923,5,4233,2236,1997,1,47,"NSW","Urban","6:00 PM - 12:00 AM",0,0,1,3,12,4,4,4,2,6,0,0,99,99
5861,15,755,0,755,1,20,"NSW","Remote","6:00 AM - 12:00 PM",1,0,0,2,84,2,2,6,7,13,0,0,99,99
4729,12,689,0,689,0,42,"WA","Urban","12:00 PM - 6:00 PM",0,0,0,3,157,1,3,5,6,11,1,0,99,99
3027,8,3751,2174,1577,1,18,"QLD","Urban","6:00 PM - 12:00 AM",0,1,0,2,132,2,3,8,4,12,0,0,99,99
7617,20,313,0,313,1,18,"NSW","Regional","6:00 PM - 12:00 AM",0,0,0,1,128,2,4,8,9,17,0,0,99,99
4743,12,1464,0,1464,1,25,"NSW","Urban","6:00 AM - 12:00 PM",0,0,0,3,88,1,3,6,8,14,1,0,99,99
4112,11,3564,1903,1661,1,66,"WA","Urban","6:00 PM - 12:00 AM",0,0,0,3,67,1,3,6,2,8,1,0,99,99
8852,23,1391,0,1391,1,42,"VIC","Urban","6:00 PM - 12:00 AM",0,1,0,3,27,3,1,1,2,3,0,0,99,99
8013,21,926,0,926,0,-99,"NSW","Regional","6:00 PM - 12:00 AM",0,1,0,3,170,2,4,3,4,7,0,1,2,1
7672,20,396,0,396,1,47,"NSW","Remote","6:00 AM - 12:00 PM",0,1,0,1,100,4,2,5,1,6,1,0,99,99
51,1,3574,2148,1426,1,49,"QLD","Urban","12:00 AM - 6:00 AM",1,0,0,3,30,3,2,2,1,3,0,1,2,0
6903,18,3530,2261,1269,0,44,"NT","Urban","6:00 PM - 12:00 AM",1,1,0,2,135,2,2,8,9,17,0,0,99,99
6163,16,402,0,402,0,61,"NSW","Regional","12:00 PM - 6:00 PM",1,1,0,1,144,3,3,6,7,13,0,0,99,99
711,2,187,0,187,1,47,"WA","Urban","6:00 PM - 12:00 AM",0,0,0,3,30,1,4,6,6,12,1,0,99,99
2435,7,3527,1880,1647,0,55,"NSW","Remote","6:00 AM - 12:00 PM",0,1,1,1,51,1,4,7,9,16,0,0,99,99
8660,22,2008,2008,0,0,25,"NSW","Urban","6:00 AM - 12:00 PM",0,1,0,3,95,3,3,10,10,20,1,0,99,99
429,2,465,0,465,1,31,"ACT","Urban","6:00 PM - 12:00 AM",0,1,0,3,60,1,3,10,10,20,0,1,5,1
2525,7,725,0,725,0,64,"QLD","Urban","6:00 PM - 12:00 AM",0,0,0,2,155,1,4,5,5,10,0,0,99,99
1229,4,434,0,434,1,26,"NSW","Regional","6:00 AM - 12:00 PM",1,1,1,3,102,1,2,4,4,8,0,0,99,99
269,1,184,0,184,1,21,"NT","Urban","12:00 PM - 6:00 PM",1,1,0,1,72,1,3,3,2,5,0,0,99,99
8002,21,884,0,884,0,66,"VIC","Urban","6:00 PM - 12:00 AM",1,1,1,3,30,2,2,6,6,12,1,0,99,99
5712,15,1876,1413,463,0,55,"NSW","Regional","12:00 AM - 6:00 AM",0,0,0,1,132,3,3,5,4,9,1,0,99,99
5754,15,3938,2145,1793,1,62,"SA","Urban","6:00 PM - 12:00 AM",0,1,1,2,72,1,3,9,9,18,1,0,99,99
6128,16,1220,0,1220,1,36,"NSW","Urban","6:00 AM - 12:00 PM",1,1,0,3,112,2,3,10,7,17,0,0,99,99
5020,13,1625,0,1625,0,60,"TAS","Urban","6:00 PM - 12:00 AM",1,1,1,2,40,1,2,4,4,8,1,0,99,99
6318,16,1202,0,1202,0,52,"TAS","Urban","6:00 PM - 12:00 AM",0,0,0,3,15,3,4,3,7,10,0,0,99,99
6844,18,3304,1954,1350,1,63,"NT","Urban","6:00 PM - 12:00 AM",0,0,1,3,78,1,4,10,10,20,1,0,99,99
3591,9,2504,1991,513,0,20,"NSW","Regional","12:00 PM - 6:00 PM",1,1,0,3,170,2,4,7,7,14,1,0,99,99
1871,5,4689,2493,2196,1,45,"NT","Regional","6:00 PM - 12:00 AM",1,0,0,3,132,4,3,8,9,17,1,0,99,99
5230,14,2906,2263,643,0,64,"NSW","Regional","12:00 AM - 6:00 AM",1,1,1,3,112,1,4,6,6,12,0,0,99,99
8053,21,2162,2024,138,0,52,"NSW","Regional","12:00 PM - 6:00 PM",0,1,0,1,13,2,2,0,0,0,0,0,99,99
8064,21,1733,0,1733,1,57,"VIC","Urban","12:00 PM - 6:00 PM",0,1,1,2,51,1,3,10,10,20,0,0,99,99
651,2,3687,1928,1759,0,53,"NSW","Urban","6:00 PM - 12:00 AM",0,0,1,3,78,2,2,8,8,16,0,1,3,0
8586,22,2812,1411,1401,0,45,"NSW","Urban","6:00 PM - 12:00 AM",1,1,0,2,139,3,2,10,8,18,1,0,99,99
1656,5,802,0,802,1,27,"VIC","Urban","6:00 PM - 12:00 AM",1,1,1,2,78,2,2,9,7,16,0,0,99,99
6572,17,2679,1818,861,1,55,"NSW","Regional","6:00 PM - 12:00 AM",1,0,1,3,86,1,3,10,10,20,0,0,99,99
7205,19,3728,2012,1716,1,67,"SA","Urban","6:00 AM - 12:00 PM",1,0,0,1,62,1,4,7,9,16,0,0,99,99
2986,8,3795,2439,1356,1,22,"WA","Urban","6:00 AM - 12:00 PM",0,1,0,3,77,1,4,8,6,14,1,0,99,99
3386,9,1500,0,1500,0,23,"SA","Urban","6:00 PM - 12:00 AM",1,0,0,3,130,2,1,6,7,13,0,0,99,99
4109,11,920,0,920,0,19,"NSW","Regional","6:00 PM - 12:00 AM",1,0,1,3,88,1,2,8,3,11,0,0,99,99
9832,25,774,0,774,1,61,"NSW","Urban","12:00 AM - 6:00 AM",1,1,0,3,107,2,1,6,9,15,0,0,99,99
6028,16,3502,2409,1093,1,68,"NSW","Remote","6:00 AM - 12:00 PM",0,1,1,2,28,4,2,4,2,6,0,0,99,99
9597,24,1355,0,1355,1,18,"WA","Urban","6:00 AM - 12:00 PM",1,0,1,3,30,1,4,4,5,9,1,0,99,99
9515,24,1308,1133,175,99,59,"NSW","Regional","6:00 AM - 12:00 PM",0,1,0,2,42,1,3,2,1,3,0,0,99,99
918,3,303,0,303,0,24,"VIC","Urban","6:00 AM - 12:00 PM",1,1,0,3,102,1,4,10,5,15,0,0,99,99
2498,7,1130,0,1130,0,35,"NT","Urban","6:00 AM - 12:00 PM",0,1,1,2,163,2,3,4,7,11,0,0,99,99
5037,13,2304,2148,156,1,19,"TAS","Urban","6:00 PM - 12:00 AM",0,1,0,3,125,1,4,8,10,18,0,1,0,0
2521,7,2525,2082,443,0,47,"NSW","Urban","12:00 AM - 6:00 AM",0,1,0,2,55,2,4,8,10,18,0,0,99,99
3701,10,2392,1838,554,1,73,"NSW","Regional","12:00 AM - 6:00 AM",0,1,0,3,158,2,5,5,5,10,0,0,99,99
8540,22,2638,1724,914,0,35,"VIC","Urban","6:00 PM - 12:00 AM",0,1,1,3,95,1,3,8,10,18,0,0,99,99
7,1,3886,2152,1734,0,50,"SA","Urban","12:00 AM - 6:00 AM",1,0,1,3,120,3,3,4,3,7,0,0,99,99
4780,12,744,0,744,0,76,"NSW","Remote","6:00 PM - 12:00 AM",0,1,0,3,168,4,3,5,3,8,0,0,99,99
4855,13,2516,1292,1224,1,68,"NSW","Regional","6:00 PM - 12:00 AM",1,0,0,1,168,3,4,2,0,2,1,0,99,99
4862,13,804,0,804,0,33,"NT","Urban","6:00 PM - 12:00 AM",1,1,1,3,99,1,2,10,10,20,0,0,99,99
3650,10,1074,0,1074,1,31,"NSW","Regional","6:00 PM - 12:00 AM",0,0,1,3,145,1,2,5,8,13,1,0,99,99
5062,13,1235,0,1235,1,62,"NT","Urban","6:00 AM - 12:00 PM",1,0,0,1,138,1,2,10,10,20,1,0,99,99
7973,20,4019,1916,2103,0,61,"SA","Urban","6:00 PM - 12:00 AM",1,0,1,3,166,2,4,4,4,8,0,0,99,99
1136,3,1718,0,1718,1,44,"QLD","Urban","12:00 PM - 6:00 PM",1,1,0,3,132,2,2,8,8,16,0,0,99,99
2956,8,2669,1984,685,0,22,"NSW","Remote","6:00 PM - 12:00 AM",0,1,1,3,90,4,2,9,6,15,0,0,99,99
5489,14,2388,1457,931,1,38,"QLD","Urban","12:00 PM - 6:00 PM",1,0,1,3,41,2,1,3,5,8,0,0,99,99
1104,3,941,0,941,0,30,"TAS","Regional","6:00 AM - 12:00 PM",1,1,0,3,120,1,3,3,3,6,0,1,3,0
9567,24,2991,2528,463,1,62,"VIC","Urban","6:00 PM - 12:00 AM",0,0,0,3,94,3,1,10,10,20,0,1,4,0
9420,24,527,0,527,0,70,"QLD","Urban","6:00 PM - 12:00 AM",0,1,1,2,74,4,2,7,2,9,0,0,99,99
3981,10,2835,1669,1166,1,63,"NSW","Urban","6:00 PM - 12:00 AM",1,0,1,2,174,4,3,1,1,2,0,0,99,99
2503,7,639,0,639,0,72,"NSW","Regional","6:00 AM - 12:00 PM",1,0,1,3,86,2,3,8,8,16,0,1,3,0
3982,10,5,0,5,1,71,"SA","Urban","6:00 PM - 12:00 AM",1,0,1,2,77,2,4,10,10,20,0,0,99,99
1909,5,1049,0,1049,0,37,"NSW","Regional","6:00 PM - 12:00 AM",1,0,0,1,24,1,3,7,5,12,0,0,99,99
7636,20,3616,2093,1523,1,49,"VIC","Urban","6:00 PM - 12:00 AM",1,0,0,3,100,2,3,9,10,19,1,0,99,99
2557,7,3270,2608,662,1,69,"VIC","Urban","12:00 AM - 6:00 AM",0,0,1,1,100,4,3,10,8,18,0,1,3,1
7136,18,3933,2829,1104,0,69,"NSW","Regional","12:00 PM - 6:00 PM",0,1,0,3,93,1,4,10,10,20,0,0,99,99
879,3,1060,0,1060,1,44,"TAS","Urban","12:00 PM - 6:00 PM",0,1,0,3,180,1,3,4,4,8,0,0,99,99
3252,9,1528,0,1528,0,59,"WA","Urban","6:00 PM - 12:00 AM",1,1,0,3,77,1,5,9,10,19,0,0,99,99
9028,23,1228,0,1228,1,62,"VIC","Urban","6:00 PM - 12:00 AM",0,1,0,3,18,2,1,1,4,5,1,0,99,99
8024,21,1893,0,1893,1,61,"NSW","Regional","6:00 AM - 12:00 PM",1,1,0,2,108,1,3,6,8,14,1,0,99,99
8867,23,597,0,597,1,76,"VIC","Urban","6:00 PM - 12:00 AM",0,0,0,3,155,1,2,4,0,4,0,0,99,99
1389,4,199,0,199,0,34,"VIC","Regional","6:00 AM - 12:00 PM",1,1,0,3,162,1,2,7,6,13,0,0,99,99
8946,23,541,0,541,1,28,"NSW","Regional","6:00 PM - 12:00 AM",0,1,0,2,170,2,2,3,2,5,1,0,99,99
87,1,268,0,268,1,28,"VIC","Regional","12:00 AM - 6:00 AM",1,0,1,3,72,1,4,7,7,14,0,1,4,0
3721,10,2534,1985,549,0,38,"TAS","Urban","6:00 PM - 12:00 AM",0,1,0,1,55,1,4,9,10,19,0,0,99,99
5727,15,1613,0,1613,1,23,"TAS","Urban","12:00 AM - 6:00 AM",1,0,0,3,138,2,3,10,10,20,0,1,2,1
557,2,1369,0,1369,0,30,"VIC","Regional","12:00 PM - 6:00 PM",1,1,1,3,24,1,2,3,0,3,0,0,99,99
4953,13,835,0,835,1,53,"QLD","Urban","6:00 PM - 12:00 AM",1,1,0,3,90,1,3,10,9,19,0,0,99,99
1490,4,841,0,841,0,28,"VIC","Remote","6:00 AM - 12:00 PM",1,1,0,3,174,2,4,5,3,8,0,0,99,99
2460,7,802,0,802,1,26,"NT","Urban","6:00 PM - 12:00 AM",0,1,0,3,36,1,2,8,9,17,1,0,99,99
2736,7,1933,1908,25,1,76,"NSW","Regional","6:00 PM - 12:00 AM",1,1,0,3,49,2,2,5,3,8,0,0,99,99
1203,4,351,0,351,0,24,"SA","Regional","6:00 AM - 12:00 PM",0,1,0,3,108,2,5,7,6,13,0,0,99,99
4540,12,1377,0,1377,1,73,"NSW","Regional","6:00 AM - 12:00 PM",1,1,1,3,165,1,2,7,8,15,1,0,99,99
9058,23,3987,2426,1561,0,52,"VIC","Urban","6:00 AM - 12:00 PM",0,0,1,3,116,2,5,10,9,19,1,0,99,99
4968,13,3583,1715,1868,0,60,"TAS","Urban","6:00 PM - 12:00 AM",0,0,0,3,93,1,2,10,9,19,0,0,99,99
7622,20,2169,1219,950,1,78,"NSW","Remote","6:00 AM - 12:00 PM",0,0,0,3,62,2,2,9,10,19,0,0,99,99
2875,8,2026,1472,554,0,23,"SA","Urban","6:00 AM - 12:00 PM",1,1,1,3,141,1,4,7,6,13,0,0,99,99
6933,18,3093,1713,1380,1,76,"TAS","Urban","6:00 PM - 12:00 AM",0,1,0,3,107,2,4,6,8,14,0,0,99,99
5740,15,400,0,400,1,37,"VIC","Urban","6:00 AM - 12:00 PM",1,1,0,3,117,4,3,10,10,20,0,0,99,99
7012,18,3031,1768,1263,1,47,"NSW","Remote","6:00 PM - 12:00 AM",0,0,0,3,59,1,3,6,4,10,1,0,99,99
4618,12,1629,1539,90,1,19,"VIC","Urban","6:00 PM - 12:00 AM",1,0,1,3,109,3,4,10,7,17,0,0,99,99
7399,19,3766,2376,1390,1,28,"VIC","Urban","6:00 AM - 12:00 PM",0,0,0,3,60,1,4,9,8,17,1,0,99,99
8074,21,1634,0,1634,0,54,"NSW","Regional","6:00 PM - 12:00 AM",1,0,1,3,40,3,2,3,0,3,0,0,99,99
7378,19,1983,0,1983,0,34,"WA","Urban","6:00 PM - 12:00 AM",1,1,0,3,95,4,3,7,6,13,1,0,99,99
3677,10,1527,0,1527,1,50,"VIC","Urban","6:00 AM - 12:00 PM",1,0,0,3,89,1,2,8,8,16,1,0,99,99
6744,17,4211,2044,2167,0,63,"WA","Urban","6:00 PM - 12:00 AM",1,0,0,3,42,2,3,3,6,9,0,0,99,99
8448,22,2041,2041,0,0,29,"NSW","Regional","12:00 PM - 6:00 PM",0,1,0,2,64,1,3,9,7,16,0,0,99,99
535,2,259,0,259,0,21,"ACT","Regional","12:00 PM - 6:00 PM",0,1,0,3,12,2,3,3,2,5,0,0,99,99
3072,8,1288,0,1288,1,58,"NSW","Urban","6:00 AM - 12:00 PM",0,0,0,2,73,1,1,9,8,17,0,1,5,0
8223,21,798,0,798,1,67,"SA","Urban","6:00 PM - 12:00 AM",1,1,1,2,109,1,3,6,8,14,0,1,4,0
4715,12,1877,1877,0,99,73,"TAS","Urban","6:00 PM - 12:00 AM",1,1,0,3,101,1,4,8,10,18,0,0,99,99
2485,7,2756,1830,926,99,53,"VIC","Urban","6:00 PM - 12:00 AM",0,1,1,2,117,3,1,8,8,16,1,0,99,99
2043,6,1923,0,1923,1,-99,"VIC","Urban","6:00 AM - 12:00 PM",0,1,1,2,142,3,3,5,4,9,0,0,99,99
1866,5,3541,2038,1503,1,44,"QLD","Urban","6:00 PM - 12:00 AM",0,0,1,3,102,4,2,7,8,15,0,0,99,99
4876,13,927,0,927,0,21,"NSW","Regional","6:00 AM - 12:00 PM",1,1,0,1,153,1,2,9,10,19,0,0,99,99
3487,9,1942,1408,534,0,64,"NSW","Regional","6:00 PM - 12:00 AM",1,0,0,3,85,1,2,7,8,15,1,0,99,99
1183,3,1812,0,1812,0,40,"WA","Remote","6:00 AM - 12:00 PM",1,1,1,3,156,4,3,4,5,9,0,0,99,99
5799,15,2789,2553,236,0,60,"NSW","Remote","6:00 PM - 12:00 AM",0,1,1,1,46,2,2,4,10,14,0,0,99,99
1015,3,287,0,287,0,23,"VIC","Urban","6:00 AM - 12:00 PM",1,1,1,3,180,2,4,1,1,2,0,0,99,99
6173,16,676,0,676,0,35,"TAS","Urban","6:00 PM - 12:00 AM",0,1,0,1,56,2,4,6,6,12,0,0,99,99
8342,21,2914,1926,988,0,27,"VIC","Urban","6:00 AM - 12:00 PM",1,0,0,3,52,1,2,8,10,18,0,0,99,99
3039,8,1865,1865,0,0,35,"QLD","Urban","6:00 PM - 12:00 AM",1,1,0,2,97,1,3,7,4,11,0,0,99,99
1472,4,2497,1510,987,1,40,"NSW","Urban","6:00 AM - 12:00 PM",1,1,1,3,90,4,5,8,8,16,0,0,99,99
6278,16,3834,2004,1830,0,18,"NSW","Regional","6:00 AM - 12:00 PM",0,1,0,3,66,1,3,9,8,17,0,1,4,0
9344,24,3175,1672,1503,1,-99,"VIC","Urban","6:00 PM - 12:00 AM",1,0,1,1,58,2,4,7,6,13,0,0,99,99
6700,17,2596,1195,1401,1,33,"NT","Urban","6:00 AM - 12:00 PM",1,1,0,2,112,1,5,10,10,20,1,0,99,99
5792,15,1834,0,1834,0,26,"QLD","Urban","6:00 AM - 12:00 PM",0,1,0,3,74,2,3,9,10,19,1,0,99,99
9384,24,3065,1786,1279,1,20,"VIC","Urban","6:00 PM - 12:00 AM",0,1,1,3,121,2,3,7,6,13,1,0,99,99
7451,19,775,0,775,0,72,"NSW","Regional","12:00 AM - 6:00 AM",1,0,0,1,18,2,3,0,0,0,0,1,3,1
1724,5,202,0,202,1,24,"NSW","Urban","12:00 PM - 6:00 PM",0,1,1,3,84,1,3,6,5,11,1,0,99,99
1262,4,905,0,905,1,37,"NSW","Urban","6:00 AM - 12:00 PM",0,1,0,3,144,1,1,7,7,14,0,0,99,99
840,3,323,0,323,1,22,"ACT","Urban","6:00 PM - 12:00 AM",1,0,1,2,114,1,1,10,6,16,0,0,99,99
8826,23,2172,0,2172,0,36,"NT","Urban","12:00 AM - 6:00 AM",0,0,0,2,39,1,4,9,8,17,0,0,99,99
1253,4,367,0,367,0,29,"ACT","Remote","6:00 AM - 12:00 PM",1,1,0,3,156,2,4,2,2,4,0,0,99,99
5579,14,923,0,923,0,35,"VIC","Urban","6:00 AM - 12:00 PM",0,0,1,3,177,2,2,2,0,2,1,0,99,99
5452,14,1776,1520,256,1,35,"TAS","Urban","6:00 PM - 12:00 AM",1,1,0,3,162,2,4,7,7,14,0,1,5,1
5927,15,2768,1352,1416,0,62,"WA","Urban","6:00 PM - 12:00 AM",0,1,1,2,170,2,4,3,1,4,0,1,2,1
6072,16,1041,1041,0,99,48,"QLD","Urban","6:00 AM - 12:00 PM",1,0,0,3,26,1,2,0,2,2,0,0,99,99
2851,8,4093,2896,1197,1,39,"VIC","Urban","12:00 PM - 6:00 PM",0,0,0,1,133,1,3,9,10,19,1,0,99,99
7147,18,2156,2156,0,0,47,"TAS","Urban","6:00 PM - 12:00 AM",1,1,0,3,102,1,3,8,7,15,0,0,99,99
3498,9,1505,0,1505,1,18,"WA","Urban","6:00 AM - 12:00 PM",0,0,0,3,58,1,3,9,8,17,0,0,99,99
9637,25,1036,0,1036,1,49,"VIC","Urban","12:00 PM - 6:00 PM",1,0,1,2,15,1,2,0,0,0,0,0,99,99
1632,5,1453,1277,176,0,22,"NSW","Urban","6:00 PM - 12:00 AM",1,1,0,3,156,2,3,8,7,15,1,0,99,99
6129,16,671,0,671,1,67,"VIC","Urban","12:00 PM - 6:00 PM",0,0,1,1,148,2,2,5,3,8,0,0,99,99
3265,9,382,0,382,99,72,"VIC","Urban","6:00 PM - 12:00 AM",0,1,0,3,56,1,3,7,3,10,1,0,99,99
3958,10,1031,0,1031,1,68,"SA","Urban","6:00 PM - 12:00 AM",0,1,0,3,76,1,3,10,8,18,0,0,99,99
2076,6,1265,0,1265,0,70,"NSW","Regional","6:00 PM - 12:00 AM",0,0,0,1,143,1,3,6,7,13,0,0,99,99
2799,7,2898,2198,700,1,54,"WA","Urban","12:00 PM - 6:00 PM",1,1,0,3,40,1,2,3,0,3,0,0,99,99
4373,11,3205,2080,1125,0,33,"VIC","Urban","6:00 AM - 12:00 PM",0,0,0,1,81,4,2,8,10,18,0,0,99,99
6939,18,2403,1103,1300,1,54,"NSW","Urban","6:00 PM - 12:00 AM",0,1,0,2,141,1,2,4,1,5,1,0,99,99
9972,25,3257,1866,1391,0,22,"NSW","Urban","12:00 AM - 6:00 AM",0,1,1,1,64,1,4,10,10,20,1,0,99,99
2954,8,426,0,426,1,65,"NSW","Regional","12:00 AM - 6:00 AM",1,0,0,3,147,1,2,7,4,11,0,0,99,99
6159,16,2086,0,2086,0,55,"WA","Urban","12:00 PM - 6:00 PM",0,0,1,2,100,1,3,6,4,10,1,0,99,99
1940,5,769,0,769,0,25,"VIC","Urban","6:00 PM - 12:00 AM",1,0,0,3,90,2,2,7,6,13,0,0,99,99
1421,4,4233,2521,1712,0,41,"NT","Urban","6:00 AM - 12:00 PM",1,0,1,3,36,1,3,4,3,7,0,0,99,99
9807,25,1251,0,1251,0,41,"NSW","Remote","12:00 AM - 6:00 AM",0,1,0,3,117,3,3,8,10,18,1,0,99,99
3155,8,2900,2326,574,1,43,"QLD","Urban","6:00 AM - 12:00 PM",1,1,0,2,150,4,4,6,6,12,0,0,99,99
9492,24,3385,1969,1416,1,34,"VIC","Urban","12:00 PM - 6:00 PM",0,1,1,3,37,1,4,4,3,7,1,0,99,99
325,1,1254,0,1254,1,34,"TAS","Urban","6:00 PM - 12:00 AM",1,1,0,3,12,2,3,3,3,6,0,0,99,99
6962,18,2699,2351,348,0,40,"WA","Urban","6:00 PM - 12:00 AM",0,1,1,3,52,4,3,6,4,10,1,0,99,99
7681,20,1184,0,1184,0,42,"SA","Urban","6:00 PM - 12:00 AM",0,1,0,3,156,2,3,3,3,6,0,0,99,99
9237,24,2854,1568,1286,1,22,"QLD","Urban","6:00 AM - 12:00 PM",0,1,1,3,93,2,4,10,10,20,0,0,99,99
2571,7,1709,0,1709,0,-99,"VIC","Urban","6:00 PM - 12:00 AM",1,1,0,3,71,4,2,6,4,10,0,0,99,99
216,1,704,0,704,1,25,"VIC","Remote","12:00 AM - 6:00 AM",1,1,0,1,54,1,3,5,5,10,0,0,99,99
6241,16,96,0,96,1,48,"VIC","Urban","6:00 PM - 12:00 AM",1,1,0,3,74,1,2,6,5,11,0,0,99,99
6656,17,1748,1748,0,1,62,"NSW","Remote","12:00 PM - 6:00 PM",1,1,0,3,163,2,3,3,4,7,0,0,99,99
2275,6,2950,1707,1243,1,58,"NSW","Remote","6:00 AM - 12:00 PM",0,1,0,3,105,1,4,5,6,11,0,0,99,99
1623,5,1954,1543,411,0,52,"VIC","Regional","6:00 PM - 12:00 AM",0,0,1,1,114,2,3,9,10,19,1,0,99,99
7729,20,2235,2235,0,1,54,"VIC","Urban","6:00 PM - 12:00 AM",0,1,1,2,134,2,3,8,2,10,0,0,99,99
2236,6,1898,1898,0,1,44,"NSW","Remote","12:00 PM - 6:00 PM",0,1,0,3,100,1,2,6,5,11,1,0,99,99
1213,4,315,0,315,1,22,"NSW","Urban","12:00 PM - 6:00 PM",1,1,0,2,174,2,3,4,8,12,0,0,99,99
6721,17,1121,0,1121,1,58,"VIC","Urban","12:00 PM - 6:00 PM",1,1,0,3,75,3,4,9,10,19,1,0,99,99
4074,11,2578,2212,366,99,39,"NT","Urban","6:00 PM - 12:00 AM",1,1,1,3,22,4,4,4,4,8,0,1,3,0
2342,6,3053,1340,1713,0,48,"NSW","Regional","6:00 PM - 12:00 AM",1,0,1,3,44,1,2,9,8,17,0,0,99,99
6120,16,1152,0,1152,0,23,"NSW","Regional","6:00 PM - 12:00 AM",0,1,1,1,66,2,3,7,6,13,0,0,99,99
330,1,607,0,607,0,21,"VIC","Regional","6:00 PM - 12:00 AM",1,1,1,2,78,2,4,7,2,9,0,0,99,99
1711,5,213,0,213,0,27,"NSW","Urban","6:00 PM - 12:00 AM",0,1,1,2,42,1,2,5,1,6,0,1,3,1
690,2,4283,1978,2305,1,47,"SA","Urban","6:00 PM - 12:00 AM",0,1,0,3,150,4,3,7,7,14,0,0,99,99
7778,20,642,0,642,0,32,"NSW","Remote","6:00 AM - 12:00 PM",1,1,0,2,105,1,2,8,6,14,0,0,99,99
3516,9,3576,2245,1331,0,41,"NSW","Urban","6:00 AM - 12:00 PM",1,1,0,1,21,3,3,0,0,0,1,0,99,99
8288,21,4060,1923,2137,0,36,"NSW","Regional","6:00 AM - 12:00 PM",1,0,1,3,140,1,4,10,10,20,0,0,99,99
5812,15,2366,1715,651,1,55,"NSW","Urban","6:00 PM - 12:00 AM",1,1,1,3,116,1,3,10,9,19,0,1,4,0
2729,7,3218,1729,1489,0,34,"VIC","Urban","6:00 AM - 12:00 PM",1,0,0,2,74,3,3,8,7,15,1,0,99,99
6555,17,4231,2241,1990,1,23,"VIC","Urban","6:00 PM - 12:00 AM",1,0,1,2,136,2,4,5,4,9,0,1,2,0
5099,13,1031,0,1031,0,65,"VIC","Urban","6:00 AM - 12:00 PM",1,1,1,2,85,1,3,10,9,19,0,0,99,99
3858,10,3626,1969,1657,1,36,"SA","Urban","6:00 AM - 12:00 PM",1,1,0,3,17,1,3,3,3,6,0,0,99,99
354,1,1814,1488,326,1,27,"ACT","Urban","6:00 PM - 12:00 AM",1,1,1,3,102,1,3,10,10,20,1,0,99,99
9367,24,1506,1506,0,1,58,"NSW","Urban","6:00 AM - 12:00 PM",0,0,1,3,73,1,4,8,3,11,0,0,99,99
281,1,4281,2293,1988,1,49,"NSW","Urban","12:00 AM - 6:00 AM",0,0,0,1,180,3,5,7,5,12,0,0,99,99
7816,20,2982,1832,1150,0,78,"WA","Urban","6:00 AM - 12:00 PM",1,1,0,2,136,1,3,7,5,12,0,1,2,0
166,1,4337,2095,2242,0,53,"WA","Regional","12:00 AM - 6:00 AM",0,0,1,3,168,4,3,4,4,8,0,0,99,99
903,3,2028,1796,232,0,40,"VIC","Urban","6:00 AM - 12:00 PM",0,1,1,3,126,2,4,6,6,12,0,0,99,99
504,2,240,0,240,0,31,"TAS","Urban","6:00 PM - 12:00 AM",1,1,0,2,72,1,3,8,5,13,0,1,3,0
2975,8,2480,1814,666,1,34,"NSW","Regional","6:00 PM - 12:00 AM",0,1,0,3,80,1,3,5,0,5,1,0,99,99
8117,21,4214,1803,2411,0,37,"VIC","Urban","6:00 PM - 12:00 AM",0,1,1,3,15,4,1,0,0,0,0,1,2,0
9336,24,18,0,18,1,78,"QLD","Urban","6:00 PM - 12:00 AM",0,0,1,2,52,3,3,6,10,16,0,1,4,1
1888,5,4166,2218,1948,0,54,"QLD","Regional","6:00 PM - 12:00 AM",1,0,0,3,42,3,3,1,5,6,0,0,99,99
2751,7,2347,2347,0,1,28,"NSW","Regional","12:00 AM - 6:00 AM",0,1,0,3,173,1,3,0,0,0,1,0,99,99
8991,23,879,0,879,0,59,"WA","Urban","6:00 PM - 12:00 AM",0,0,1,3,143,3,3,10,10,20,0,0,99,99
1660,5,3257,1975,1282,1,48,"VIC","Urban","6:00 PM - 12:00 AM",0,0,1,2,126,2,2,9,6,15,1,0,99,99
8809,23,3641,2205,1436,1,49,"NT","Urban","12:00 PM - 6:00 PM",0,1,0,3,132,2,2,6,5,11,0,0,99,99
4746,12,2444,1638,806,1,62,"NSW","Regional","6:00 PM - 12:00 AM",0,0,0,3,62,2,3,6,9,15,0,1,0,0
7341,19,3073,2456,617,1,69,"NSW","Urban","6:00 AM - 12:00 PM",0,1,0,2,105,1,3,9,10,19,1,0,99,99
9279,24,2971,1950,1021,0,39,"NSW","Regional","6:00 PM - 12:00 AM",0,0,1,3,153,2,4,9,10,19,0,0,99,99
8329,21,2725,2725,0,0,76,"NSW","Regional","6:00 AM - 12:00 PM",0,0,1,3,167,1,1,8,6,14,1,1,4,0
8690,22,3568,2278,1290,0,60,"NSW","Regional","12:00 AM - 6:00 AM",1,0,1,3,111,2,2,10,10,20,1,0,99,99
6559,17,1214,0,1214,1,52,"TAS","Urban","6:00 PM - 12:00 AM",0,0,0,2,114,1,3,10,9,19,1,0,99,99
6864,18,1423,0,1423,0,68,"QLD","Urban","6:00 PM - 12:00 AM",1,1,0,3,58,2,5,10,10,20,0,0,99,99
7010,18,1651,0,1651,0,55,"VIC","Urban","6:00 PM - 12:00 AM",0,1,0,3,65,1,4,9,8,17,0,0,99,99
1844,5,212,0,212,0,41,"QLD","Remote","6:00 PM - 12:00 AM",1,1,0,2,72,1,2,4,1,5,0,0,99,99
5010,13,2446,1446,1000,0,53,"QLD","Urban","12:00 PM - 6:00 PM",1,0,1,3,98,2,3,10,7,17,1,0,99,99
4575,12,803,0,803,0,31,"NT","Urban","6:00 PM - 12:00 AM",1,1,0,3,76,1,2,9,10,19,0,0,99,99
5247,14,907,0,907,1,35,"VIC","Urban","6:00 AM - 12:00 PM",0,0,0,3,169,2,4,7,6,13,0,0,99,99
2528,7,795,0,795,1,-99,"NSW","Urban","6:00 PM - 12:00 AM",0,1,0,3,72,4,4,9,8,17,1,1,2,0
3522,9,1015,0,1015,0,65,"VIC","Urban","6:00 PM - 12:00 AM",1,0,0,3,44,1,5,7,10,17,0,0,99,99
6396,16,369,0,369,1,56,"NSW","Regional","6:00 AM - 12:00 PM",0,1,0,3,155,1,3,7,10,17,0,0,99,99
8369,21,1159,0,1159,0,67,"NT","Urban","6:00 AM - 12:00 PM",1,0,0,3,44,1,2,3,0,3,0,1,5,1
2389,6,3530,1406,2124,0,22,"NSW","Urban","6:00 AM - 12:00 PM",0,1,1,2,159,1,4,9,8,17,0,0,99,99
4302,11,3259,1934,1325,0,78,"WA","Urban","6:00 AM - 12:00 PM",0,1,0,3,137,2,3,7,4,11,0,0,99,99
5364,14,2121,2040,81,0,35,"VIC","Urban","6:00 PM - 12:00 AM",1,1,0,3,30,1,2,0,0,0,1,0,99,99
8936,23,900,0,900,1,74,"NSW","Regional","6:00 AM - 12:00 PM",0,1,0,3,27,1,3,1,1,2,0,0,99,99
8121,21,3700,2229,1471,1,42,"TAS","Urban","6:00 PM - 12:00 AM",0,1,0,2,112,4,1,5,5,10,0,0,99,99
1791,5,3682,2150,1532,0,54,"QLD","Urban","12:00 PM - 6:00 PM",1,0,0,1,108,3,4,10,10,20,0,0,99,99
369,1,4152,2281,1871,1,60,"QLD","Urban","12:00 PM - 6:00 PM",0,0,0,2,36,1,3,3,3,6,0,0,99,99
2192,6,1818,1354,464,1,49,"NSW","Regional","12:00 AM - 6:00 AM",0,1,0,2,38,1,1,0,1,1,0,0,99,99
6782,17,1798,1455,343,1,50,"NSW","Remote","6:00 AM - 12:00 PM",1,0,1,3,62,4,2,9,7,16,0,0,99,99
5559,14,3080,2459,621,0,18,"NSW","Regional","12:00 PM - 6:00 PM",0,1,1,3,61,4,3,9,9,18,0,0,99,99
2189,6,2996,2302,694,1,23,"NSW","Urban","12:00 AM - 6:00 AM",1,0,0,2,147,1,2,7,10,17,1,0,99,99
5505,14,2260,1590,670,1,20,"VIC","Urban","6:00 PM - 12:00 AM",1,1,0,3,69,1,4,10,9,19,0,0,99,99
4025,11,3398,2349,1049,0,68,"NSW","Regional","6:00 AM - 12:00 PM",1,0,0,3,77,2,3,6,6,12,1,0,99,99
5930,15,4208,1668,2540,1,55,"NSW","Regional","6:00 AM - 12:00 PM",0,1,1,3,54,4,3,7,8,15,0,0,99,99
2016,6,2589,2298,291,0,78,"NSW","Regional","6:00 PM - 12:00 AM",1,1,1,2,75,3,4,5,5,10,0,1,4,0
666,2,2760,1506,1254,1,40,"NSW","Urban","6:00 PM - 12:00 AM",0,1,0,3,84,2,4,7,8,15,0,0,99,99
8928,23,1344,0,1344,1,76,"TAS","Urban","6:00 AM - 12:00 PM",0,0,0,3,170,3,2,3,3,6,0,0,99,99
3687,10,2021,1743,278,0,44,"WA","Urban","6:00 PM - 12:00 AM",0,1,0,2,106,1,2,5,4,9,1,1,3,0
6390,16,1639,1639,0,1,-99,"QLD","Urban","6:00 AM - 12:00 PM",0,0,0,3,158,1,3,7,8,15,0,0,99,99
9888,25,506,0,506,0,38,"VIC","Urban","6:00 PM - 12:00 AM",0,1,0,2,145,4,1,4,6,10,0,0,99,99
5317,14,3910,2698,1212,1,54,"SA","Urban","6:00 PM - 12:00 AM",1,1,0,2,85,2,4,10,8,18,0,1,2,1
4465,12,1919,1545,374,0,-99,"NT","Urban","6:00 PM - 12:00 AM",0,1,1,3,87,1,4,6,6,12,0,0,99,99
6907,18,2247,1317,930,1,21,"NSW","Urban","12:00 AM - 6:00 AM",0,1,0,3,138,1,3,6,3,9,0,0,99,99
4690,12,2927,2283,644,0,37,"NSW","Remote","6:00 PM - 12:00 AM",0,0,0,3,117,4,3,9,10,19,0,1,1,0
7813,20,2918,1249,1669,1,-99,"QLD","Urban","6:00 AM - 12:00 PM",0,1,0,3,152,1,2,3,1,4,0,0,99,99
8460,22,834,0,834,1,32,"VIC","Urban","12:00 AM - 6:00 AM",0,0,1,3,123,1,2,10,10,20,1,1,1,1
157,1,1001,0,1001,0,24,"WA","Urban","12:00 AM - 6:00 AM",1,1,0,3,138,1,2,6,5,11,0,0,99,99
2866,8,2566,1982,584,0,36,"WA","Urban","6:00 AM - 12:00 PM",0,1,0,3,113,1,3,8,10,18,0,0,99,99
6634,17,233,0,233,0,78,"WA","Urban","6:00 AM - 12:00 PM",0,0,1,3,142,1,1,9,10,19,0,0,99,99
3869,10,1522,0,1522,0,68,"WA","Urban","12:00 AM - 6:00 AM",0,1,1,3,158,1,2,3,3,6,0,0,99,99
3821,10,4743,2355,2388,0,37,"NSW","Regional","12:00 AM - 6:00 AM",1,0,0,2,92,2,4,5,7,12,0,0,99,99
8246,21,747,747,0,0,47,"WA","Urban","6:00 PM - 12:00 AM",0,1,0,3,100,3,4,7,10,17,0,0,99,99
8191,21,993,0,993,0,40,"QLD","Urban","12:00 AM - 6:00 AM",0,1,1,3,142,1,2,8,9,17,0,0,99,99
8271,21,1765,1765,0,0,32,"NSW","Regional","12:00 PM - 6:00 PM",0,0,1,2,153,1,4,8,5,13,1,0,99,99
4915,13,138,0,138,0,35,"QLD","Urban","12:00 AM - 6:00 AM",1,0,0,2,52,1,4,9,10,19,1,0,99,99
5135,13,1392,0,1392,1,21,"SA","Urban","6:00 PM - 12:00 AM",0,0,1,3,41,3,3,10,10,20,0,1,1,0
2469,7,1672,1672,0,1,73,"VIC","Urban","6:00 PM - 12:00 AM",1,1,0,2,120,1,2,6,3,9,1,0,99,99
2953,8,1772,1611,161,1,22,"VIC","Urban","6:00 PM - 12:00 AM",0,1,0,3,72,2,4,8,6,14,1,0,99,99
7126,18,365,0,365,0,75,"SA","Urban","6:00 AM - 12:00 PM",0,1,0,3,113,3,2,9,10,19,0,0,99,99
4932,13,721,0,721,1,25,"NT","Urban","6:00 PM - 12:00 AM",1,1,0,2,38,2,2,3,4,7,0,1,2,1
9817,25,2567,1413,1154,0,39,"NT","Urban","12:00 PM - 6:00 PM",0,1,0,3,62,1,3,9,9,18,0,0,99,99
3407,9,2222,1624,598,0,54,"VIC","Urban","12:00 AM - 6:00 AM",0,1,1,2,24,1,4,4,8,12,0,1,2,0
8789,22,2711,2099,612,0,33,"WA","Urban","12:00 PM - 6:00 PM",1,1,0,2,79,1,2,10,10,20,0,0,99,99
4157,11,1874,1158,716,0,56,"NSW","Regional","12:00 AM - 6:00 AM",0,1,1,2,147,2,4,7,10,17,0,1,5,0
1956,5,425,0,425,1,20,"NSW","Urban","6:00 PM - 12:00 AM",1,1,0,1,126,1,4,9,6,15,1,0,99,99
3808,10,1201,0,1201,0,47,"VIC","Urban","6:00 PM - 12:00 AM",1,1,1,3,136,1,3,10,7,17,0,0,99,99
9490,24,1002,0,1002,1,36,"NSW","Remote","12:00 AM - 6:00 AM",0,1,1,3,47,1,3,6,6,12,0,0,99,99
4864,13,2775,2280,495,0,31,"SA","Urban","6:00 PM - 12:00 AM",1,1,1,3,88,3,4,10,10,20,0,1,3,1
8536,22,1120,0,1120,0,40,"NSW","Urban","6:00 AM - 12:00 PM",1,1,1,3,121,2,5,10,10,20,1,0,99,99
3338,9,1842,1597,245,1,70,"SA","Urban","6:00 AM - 12:00 PM",1,1,1,3,103,3,3,10,8,18,0,0,99,99
5517,14,2418,1777,641,1,70,"NSW","Regional","6:00 PM - 12:00 AM",1,0,0,3,33,2,3,10,9,19,0,0,99,99
7401,19,1442,0,1442,0,23,"WA","Urban","6:00 PM - 12:00 AM",0,1,1,3,53,2,3,10,10,20,0,0,99,99
7138,18,3562,2270,1292,0,68,"QLD","Urban","6:00 AM - 12:00 PM",1,0,1,3,83,2,3,9,9,18,0,0,99,99
9690,25,3317,1842,1475,1,46,"TAS","Urban","6:00 PM - 12:00 AM",1,1,0,3,138,1,3,8,10,18,0,0,99,99
8333,21,199,0,199,0,37,"VIC","Urban","12:00 PM - 6:00 PM",0,1,0,3,148,1,4,6,6,12,1,0,99,99
456,2,256,0,256,1,56,"NSW","Urban","6:00 PM - 12:00 AM",0,1,0,2,30,1,3,3,2,5,0,0,99,99
4133,11,1405,0,1405,1,58,"VIC","Urban","6:00 AM - 12:00 PM",0,1,0,3,61,1,4,6,6,12,0,0,99,99
5001,13,2116,2116,0,1,72,"NSW","Regional","6:00 AM - 12:00 PM",0,1,0,3,164,1,2,2,1,3,1,0,99,99
4229,11,2133,1764,369,0,46,"NT","Urban","6:00 PM - 12:00 AM",0,1,1,2,162,4,3,3,5,8,0,0,99,99
8972,23,2871,1825,1046,0,39,"WA","Urban","12:00 PM - 6:00 PM",1,0,0,3,32,2,3,4,5,9,0,0,99,99
2029,6,3935,2073,1862,1,44,"QLD","Urban","6:00 PM - 12:00 AM",0,1,1,3,30,2,4,7,7,14,0,0,99,99
1074,3,1627,1414,213,1,40,"NT","Urban","6:00 AM - 12:00 PM",1,1,0,3,12,2,3,2,0,2,0,0,99,99
7314,19,2512,2172,340,0,56,"VIC","Urban","6:00 AM - 12:00 PM",1,1,0,1,172,2,2,3,4,7,0,0,99,99
5735,15,1331,0,1331,1,36,"SA","Urban","6:00 PM - 12:00 AM",0,1,0,3,121,1,4,10,8,18,0,0,99,99
9521,24,531,0,531,0,34,"VIC","Urban","12:00 AM - 6:00 AM",1,1,0,3,108,1,3,10,10,20,1,0,99,99
6980,18,2530,822,1708,0,59,"WA","Urban","6:00 AM - 12:00 PM",0,1,1,3,124,2,3,5,7,12,0,0,99,99
2895,8,2009,1590,419,0,72,"QLD","Urban","12:00 PM - 6:00 PM",1,1,1,3,12,1,2,2,2,4,0,0,99,99
170,1,1930,1599,331,1,36,"NSW","Urban","12:00 AM - 6:00 AM",1,1,1,2,12,2,4,8,4,12,1,0,99,99
4132,11,3445,1762,1683,0,18,"NSW","Remote","6:00 PM - 12:00 AM",0,1,1,3,33,1,2,1,1,2,0,0,99,99
4750,12,97,0,97,0,69,"NSW","Regional","12:00 PM - 6:00 PM",1,1,1,1,164,4,3,6,7,13,0,0,99,99
7665,20,2089,1499,590,0,22,"NSW","Regional","6:00 AM - 12:00 PM",1,1,1,2,20,2,2,3,0,3,0,0,99,99
4585,12,744,0,744,1,19,"NSW","Urban","12:00 AM - 6:00 AM",1,0,0,2,46,1,3,3,5,8,0,0,99,99
574,2,918,0,918,1,40,"NSW","Urban","6:00 PM - 12:00 AM",0,1,0,3,126,1,3,5,5,10,0,0,99,99
7789,20,3566,2092,1474,1,-99,"WA","Urban","6:00 AM - 12:00 PM",1,1,0,1,123,4,3,8,8,16,1,0,99,99
1258,4,148,0,148,0,48,"NSW","Regional","12:00 PM - 6:00 PM",0,1,1,3,72,1,3,10,7,17,1,0,99,99
7422,19,1418,0,1418,0,52,"NSW","Urban","6:00 PM - 12:00 AM",0,0,1,3,35,1,3,9,9,18,0,0,99,99
2271,6,3406,1591,1815,0,74,"NSW","Urban","6:00 PM - 12:00 AM",0,1,1,3,16,1,3,0,0,0,0,1,3,0
1422,4,3665,2071,1594,0,41,"ACT","Remote","6:00 AM - 12:00 PM",0,1,0,3,120,1,3,9,8,17,1,0,99,99
1638,5,181,0,181,1,41,"VIC","Urban","6:00 PM - 12:00 AM",1,1,1,3,90,1,3,10,10,20,1,0,99,99
5806,15,3105,1798,1307,0,74,"NSW","Remote","6:00 PM - 12:00 AM",1,1,1,3,43,2,3,2,1,3,1,0,99,99
7860,20,2491,1642,849,1,69,"WA","Urban","6:00 PM - 12:00 AM",1,1,0,3,14,2,2,4,5,9,0,0,99,99
3835,10,2932,2033,899,1,28,"SA","Urban","6:00 PM - 12:00 AM",1,1,1,3,73,2,3,10,10,20,0,0,99,99
2177,6,1263,0,1263,1,-99,"WA","Urban","6:00 PM - 12:00 AM",0,1,0,1,125,4,4,6,0,6,0,0,99,99
3715,10,460,0,460,1,23,"SA","Urban","12:00 AM - 6:00 AM",1,1,1,2,159,1,4,5,2,7,1,0,99,99
1023,3,246,0,246,1,55,"VIC","Urban","6:00 AM - 12:00 PM",1,1,1,2,36,1,5,2,2,4,0,1,2,0
278,1,2957,1657,1300,1,60,"NSW","Urban","12:00 AM - 6:00 AM",0,0,0,3,132,4,4,10,10,20,0,0,99,99
7696,20,1175,0,1175,0,23,"VIC","Urban","6:00 PM - 12:00 AM",1,1,0,1,83,1,3,10,10,20,1,0,99,99
8207,21,1896,0,1896,1,57,"NSW","Regional","6:00 PM - 12:00 AM",0,0,0,3,94,2,3,8,5,13,0,0,99,99
8148,21,93,0,93,0,75,"NSW","Urban","6:00 AM - 12:00 PM",1,0,0,2,25,1,4,0,1,1,0,0,99,99
9562,24,663,0,663,0,44,"SA","Urban","12:00 AM - 6:00 AM",0,1,0,3,111,2,4,6,4,10,0,0,99,99
1584,4,3932,2046,1886,0,57,"TAS","Urban","6:00 AM - 12:00 PM",0,1,0,2,90,3,4,9,8,17,1,0,99,99
4000,10,2519,1748,771,1,67,"VIC","Urban","6:00 AM - 12:00 PM",0,1,1,3,98,2,1,5,8,13,0,0,99,99
8584,22,2698,1779,919,99,49,"NSW","Regional","12:00 AM - 6:00 AM",1,1,1,3,114,1,2,10,10,20,0,0,99,99
3332,9,1511,0,1511,1,72,"QLD","Urban","6:00 AM - 12:00 PM",0,0,1,3,159,1,3,7,4,11,0,0,99,99
148,1,3785,2091,1694,1,46,"QLD","Urban","12:00 AM - 6:00 AM",0,0,0,2,180,2,2,2,0,2,0,0,99,99
3577,9,3492,2077,1415,1,36,"NSW","Regional","12:00 AM - 6:00 AM",0,1,1,1,133,2,1,9,9,18,0,0,99,99
770,2,3906,2260,1646,0,57,"WA","Remote","6:00 PM - 12:00 AM",0,0,0,3,114,1,4,9,8,17,1,0,99,99
6657,17,2465,1989,476,1,74,"NSW","Regional","12:00 PM - 6:00 PM",0,0,0,3,87,1,3,10,10,20,0,0,99,99
9249,24,1553,1553,0,0,23,"NSW","Remote","6:00 AM - 12:00 PM",1,0,1,3,133,2,3,9,6,15,1,1,5,0
1612,5,2972,1957,1015,1,54,"NSW","Regional","6:00 AM - 12:00 PM",0,0,1,2,144,4,3,6,6,12,0,1,3,0
1994,5,3336,1798,1538,1,40,"NSW","Urban","6:00 PM - 12:00 AM",0,1,1,2,102,3,3,8,4,12,0,0,99,99
6445,17,2414,1731,683,0,67,"SA","Urban","6:00 AM - 12:00 PM",0,1,0,3,102,1,2,7,4,11,1,0,99,99
1457,4,422,0,422,1,25,"NSW","Urban","6:00 AM - 12:00 PM",0,0,1,1,162,2,2,2,1,3,0,0,99,99
2096,6,2619,1605,1014,1,72,"QLD","Urban","6:00 AM - 12:00 PM",0,1,0,1,179,2,3,0,1,1,1,1,4,0
6332,16,976,0,976,0,71,"NSW","Regional","12:00 PM - 6:00 PM",1,1,1,3,50,1,3,8,10,18,1,0,99,99
9345,24,377,0,377,0,55,"NSW","Regional","6:00 PM - 12:00 AM",0,1,1,3,172,1,2,6,6,12,0,0,99,99
3475,9,1298,0,1298,1,75,"NSW","Remote","6:00 AM - 12:00 PM",1,1,0,3,36,4,2,4,5,9,0,1,0,0
4977,13,1595,1595,0,1,67,"NSW","Regional","6:00 AM - 12:00 PM",1,0,1,2,95,4,3,10,10,20,0,0,99,99
3169,8,2127,0,2127,0,64,"VIC","Urban","6:00 PM - 12:00 AM",1,1,0,2,123,2,2,9,8,17,1,1,3,1
5296,14,3439,2569,870,0,64,"NSW","Regional","6:00 AM - 12:00 PM",0,0,1,3,68,1,4,5,10,15,0,0,99,99
3205,9,1698,0,1698,1,68,"NSW","Urban","6:00 PM - 12:00 AM",0,1,0,3,86,1,2,8,6,14,0,0,99,99
4571,12,3430,2766,664,0,61,"TAS","Urban","6:00 PM - 12:00 AM",0,1,1,3,150,1,4,9,6,15,1,0,99,99
3713,10,2429,1415,1014,0,61,"VIC","Urban","6:00 AM - 12:00 PM",1,0,0,3,145,2,3,4,2,6,0,0,99,99
9932,25,2648,2189,459,0,49,"WA","Urban","6:00 AM - 12:00 PM",0,1,0,3,146,2,2,9,8,17,0,1,4,0
3985,10,3833,1655,2178,0,31,"VIC","Urban","12:00 PM - 6:00 PM",1,0,0,3,72,1,3,7,4,11,0,0,99,99
8517,22,2192,2192,0,1,57,"VIC","Urban","6:00 AM - 12:00 PM",0,1,0,3,35,1,2,2,4,6,1,0,99,99
5904,15,3191,1879,1312,1,31,"NSW","Urban","6:00 PM - 12:00 AM",1,1,0,3,58,3,4,9,10,19,0,0,99,99
5650,15,1943,1747,196,0,51,"VIC","Urban","12:00 AM - 6:00 AM",0,0,0,3,127,1,2,10,10,20,0,1,5,0
4183,11,2220,1373,847,1,58,"NSW","Remote","12:00 AM - 6:00 AM",0,1,0,3,66,1,4,6,8,14,1,0,99,99
2794,7,3281,2448,833,0,78,"NT","Urban","12:00 PM - 6:00 PM",1,0,0,3,20,1,5,4,4,8,0,0,99,99
3343,9,2410,1261,1149,1,-99,"QLD","Urban","6:00 PM - 12:00 AM",0,1,1,3,168,2,4,6,5,11,0,0,99,99
3363,9,3481,2274,1207,0,25,"VIC","Urban","6:00 PM - 12:00 AM",0,1,1,3,92,3,4,6,6,12,1,0,99,99
8670,22,1047,0,1047,0,77,"NSW","Remote","12:00 PM - 6:00 PM",1,0,0,1,176,2,2,0,2,2,0,0,99,99
505,2,3955,2022,1933,1,56,"VIC","Urban","6:00 PM - 12:00 AM",0,0,1,2,24,3,3,6,5,11,1,0,99,99
1787,5,3059,1726,1333,1,46,"NSW","Urban","6:00 PM - 12:00 AM",1,0,1,3,108,2,3,7,6,13,1,0,99,99
7769,20,2798,2033,765,1,34,"NSW","Regional","6:00 PM - 12:00 AM",1,0,1,3,78,2,4,10,10,20,1,0,99,99
3489,9,2175,0,2175,1,74,"NSW","Regional","6:00 AM - 12:00 PM",1,0,0,3,79,2,3,10,10,20,0,0,99,99
9283,24,1055,0,1055,0,-99,"NSW","Urban","12:00 AM - 6:00 AM",1,1,0,1,156,1,4,4,5,9,0,0,99,99
6276,16,2284,2284,0,0,70,"SA","Urban","12:00 AM - 6:00 AM",1,1,0,3,32,2,3,6,7,13,1,0,99,99
4935,13,714,0,714,1,28,"VIC","Urban","6:00 AM - 12:00 PM",1,1,0,1,33,2,4,4,6,10,1,0,99,99
3064,8,1528,1528,0,1,74,"VIC","Urban","6:00 PM - 12:00 AM",0,0,0,1,19,1,4,1,3,4,0,0,99,99
6171,16,3691,1688,2003,1,19,"QLD","Urban","6:00 AM - 12:00 PM",0,1,1,3,57,1,2,9,10,19,1,0,99,99
909,3,1621,1423,198,0,30,"ACT","Urban","6:00 AM - 12:00 PM",1,1,0,1,162,1,2,2,0,2,0,1,1,0
6788,17,661,0,661,0,45,"SA","Urban","6:00 AM - 12:00 PM",1,1,0,3,82,1,4,6,10,16,1,1,1,1
1248,4,213,0,213,1,24,"NSW","Urban","6:00 AM - 12:00 PM",0,1,0,2,48,1,3,0,2,2,0,0,99,99
4381,11,1994,1746,248,0,34,"TAS","Urban","6:00 PM - 12:00 AM",1,0,1,1,163,3,2,10,9,19,0,0,99,99
1053,3,1411,1258,153,1,45,"VIC","Regional","6:00 AM - 12:00 PM",1,1,1,1,150,1,3,5,1,6,0,0,99,99
2323,6,346,0,346,0,64,"NSW","Regional","6:00 AM - 12:00 PM",1,1,1,3,152,4,3,7,7,14,0,0,99,99
3806,10,2906,2475,431,99,18,"NSW","Urban","6:00 PM - 12:00 AM",1,0,0,3,133,1,1,7,9,16,0,0,99,99
7939,20,668,0,668,0,24,"VIC","Urban","12:00 AM - 6:00 AM",1,1,0,1,62,2,4,8,6,14,1,0,99,99
7533,19,399,0,399,0,33,"NT","Urban","6:00 AM - 12:00 PM",1,0,0,3,57,1,3,9,7,16,0,0,99,99
2077,6,1877,1876,1,1,38,"VIC","Urban","6:00 PM - 12:00 AM",1,0,1,2,74,1,3,6,7,13,0,0,99,99
9772,25,2662,1799,863,1,56,"TAS","Urban","12:00 AM - 6:00 AM",0,0,0,2,64,1,4,10,9,19,0,1,0,1
1341,4,985,0,985,0,36,"TAS","Urban","6:00 AM - 12:00 PM",0,1,0,3,66,1,3,7,7,14,0,0,99,99
5299,14,2443,1802,641,0,34,"NSW","Remote","6:00 PM - 12:00 AM",0,0,0,3,95,1,2,10,10,20,0,0,99,99
4279,11,3530,1530,2000,1,68,"SA","Urban","12:00 AM - 6:00 AM",1,1,0,3,128,2,3,10,8,18,0,1,0,0
3425,9,1297,0,1297,1,77,"NSW","Urban","6:00 PM - 12:00 AM",1,0,1,1,166,1,2,3,6,9,1,0,99,99
2274,6,2230,1130,1100,1,-99,"NSW","Urban","12:00 PM - 6:00 PM",1,0,1,3,75,1,2,8,4,12,1,0,99,99
3419,9,2628,1578,1050,0,73,"VIC","Urban","6:00 PM - 12:00 AM",0,1,1,3,148,4,2,9,10,19,1,0,99,99
241,1,2911,1667,1244,0,59,"TAS","Urban","12:00 AM - 6:00 AM",0,1,0,3,18,2,4,5,5,10,0,1,2,0
8206,21,3284,1958,1326,0,52,"VIC","Urban","6:00 AM - 12:00 PM",1,1,1,3,18,2,2,2,2,4,1,0,99,99
6762,17,2685,1944,741,1,45,"VIC","Urban","6:00 PM - 12:00 AM",0,1,0,3,155,1,3,5,3,8,0,0,99,99
5044,13,601,0,601,1,-99,"VIC","Urban","6:00 PM - 12:00 AM",1,0,1,1,166,2,3,4,3,7,0,0,99,99
1963,5,1227,0,1227,1,33,"NSW","Urban","6:00 PM - 12:00 AM",1,1,0,2,84,1,4,7,6,13,1,1,2,0
4159,11,901,0,901,1,-99,"VIC","Urban","6:00 AM - 12:00 PM",1,1,1,3,61,2,2,6,7,13,0,0,99,99
8081,21,2542,1681,861,1,62,"NT","Urban","6:00 AM - 12:00 PM",0,0,1,3,113,2,4,10,10,20,0,0,99,99
4588,12,707,0,707,1,18,"NSW","Regional","12:00 AM - 6:00 AM",1,1,0,3,92,1,3,6,7,13,0,0,99,99
1924,5,173,0,173,1,24,"QLD","Regional","12:00 PM - 6:00 PM",0,1,0,2,54,1,4,9,8,17,1,0,99,99
5369,14,3622,2212,1410,0,30,"VIC","Urban","6:00 PM - 12:00 AM",1,1,1,1,105,1,2,10,10,20,0,0,99,99
6610,17,2836,1285,1551,1,34,"VIC","Urban","6:00 AM - 12:00 PM",0,0,1,2,42,2,2,6,8,14,1,0,99,99
6898,18,2729,1616,1113,99,25,"QLD","Urban","6:00 PM - 12:00 AM",0,0,0,3,20,1,2,3,2,5,0,0,99,99
1156,3,303,0,303,1,24,"NSW","Regional","6:00 AM - 12:00 PM",0,1,1,3,72,2,2,5,5,10,0,0,99,99
2885,8,2957,1201,1756,0,24,"NT","Urban","12:00 PM - 6:00 PM",0,1,1,3,47,1,3,6,4,10,1,1,2,0
4180,11,1832,1210,622,1,75,"NSW","Remote","6:00 PM - 12:00 AM",0,1,1,2,36,1,4,6,4,10,0,0,99,99
6412,17,356,0,356,1,70,"SA","Urban","6:00 PM - 12:00 AM",0,1,0,3,41,1,5,6,5,11,1,0,99,99
9876,25,745,0,745,1,-99,"WA","Urban","12:00 AM - 6:00 AM",1,0,0,1,52,1,2,10,10,20,0,0,99,99
2802,8,913,0,913,0,48,"WA","Urban","6:00 PM - 12:00 AM",0,1,0,3,20,3,3,4,0,4,0,1,3,0
3299,9,3482,2090,1392,0,69,"NSW","Regional","6:00 AM - 12:00 PM",0,0,1,3,53,2,4,7,9,16,1,1,4,0
9426,24,1501,0,1501,99,76,"NSW","Regional","6:00 PM - 12:00 AM",1,0,0,1,96,2,3,9,6,15,0,0,99,99
978,3,1610,1331,279,1,39,"SA","Remote","6:00 AM - 12:00 PM",1,1,0,3,114,1,1,6,6,12,0,0,99,99
6200,16,1045,0,1045,0,69,"SA","Urban","6:00 AM - 12:00 PM",1,0,1,3,95,2,3,5,5,10,0,1,3,0
2527,7,1414,1414,0,1,50,"VIC","Urban","6:00 AM - 12:00 PM",1,1,1,3,74,1,2,8,7,15,1,0,99,99
2983,8,2313,0,2313,0,61,"NSW","Regional","6:00 AM - 12:00 PM",0,0,0,3,58,2,2,9,7,16,0,0,99,99
3321,9,2550,1764,786,0,37,"NSW","Regional","6:00 PM - 12:00 AM",1,1,1,3,177,2,3,3,6,9,0,0,99,99
7583,19,1469,0,1469,1,69,"NT","Urban","6:00 AM - 12:00 PM",1,0,0,3,47,2,3,4,3,7,0,1,1,0
6225,16,195,0,195,1,66,"NSW","Remote","6:00 PM - 12:00 AM",1,1,1,1,15,1,3,2,0,2,0,0,99,99
7266,19,3431,1767,1664,1,25,"QLD","Urban","6:00 AM - 12:00 PM",1,1,0,3,130,1,4,10,10,20,1,0,99,99
2584,7,652,0,652,1,73,"NSW","Regional","12:00 PM - 6:00 PM",0,1,0,3,87,4,2,9,10,19,0,0,99,99
8258,21,2995,1993,1002,1,65,"TAS","Urban","6:00 AM - 12:00 PM",0,0,0,3,124,2,4,9,10,19,1,0,99,99
4212,11,3286,2093,1193,0,42,"QLD","Urban","12:00 AM - 6:00 AM",1,0,0,3,103,1,3,9,6,15,1,0,99,99
2779,7,2454,1981,473,1,56,"VIC","Urban","6:00 AM - 12:00 PM",0,0,0,3,90,1,3,10,10,20,0,0,99,99
8772,22,56,0,56,1,52,"NSW","Urban","6:00 AM - 12:00 PM",1,0,0,2,41,1,1,4,0,4,0,0,99,99
756,2,2110,1884,226,0,36,"TAS","Urban","6:00 PM - 12:00 AM",1,1,1,3,180,2,2,2,1,3,0,0,99,99
6940,18,1983,1190,793,0,44,"VIC","Urban","6:00 AM - 12:00 PM",1,1,1,1,47,1,2,10,9,19,0,1,4,0
5127,13,847,0,847,1,27,"VIC","Urban","6:00 PM - 12:00 AM",1,1,0,1,123,2,3,8,7,15,0,1,5,0
4361,11,3653,1379,2274,1,25,"NSW","Remote","6:00 PM - 12:00 AM",1,0,0,3,38,1,2,2,3,5,0,0,99,99
7930,20,1086,0,1086,0,77,"NSW","Urban","6:00 AM - 12:00 PM",1,1,1,3,32,2,4,10,8,18,1,0,99,99
6177,16,3484,2183,1301,0,76,"NSW","Regional","12:00 PM - 6:00 PM",1,0,1,3,65,1,1,8,4,12,1,0,99,99
5168,13,3120,1791,1329,0,67,"QLD","Urban","6:00 PM - 12:00 AM",1,0,0,3,34,1,4,1,3,4,0,0,99,99
1840,5,436,0,436,0,28,"QLD","Regional","6:00 PM - 12:00 AM",1,1,1,2,96,1,2,6,6,12,0,0,99,99
3043,8,346,0,346,0,68,"VIC","Urban","6:00 AM - 12:00 PM",0,0,1,1,119,3,4,10,10,20,1,0,99,99
3638,10,1273,0,1273,0,57,"NSW","Urban","6:00 PM - 12:00 AM",1,0,0,3,56,3,2,10,10,20,0,0,99,99
9303,24,443,0,443,1,38,"NSW","Remote","12:00 AM - 6:00 AM",0,1,1,3,56,3,4,7,3,10,1,0,99,99
1344,4,529,0,529,0,34,"QLD","Remote","6:00 AM - 12:00 PM",0,1,0,1,78,1,2,7,6,13,0,0,99,99
3579,9,2115,1624,491,1,54,"NSW","Remote","6:00 PM - 12:00 AM",0,1,1,2,74,3,4,10,9,19,0,0,99,99
3615,10,1875,1161,714,0,30,"NSW","Regional","6:00 AM - 12:00 PM",0,1,1,2,160,3,3,5,4,9,1,1,5,1
4136,11,1362,0,1362,1,18,"NSW","Remote","6:00 PM - 12:00 AM",1,0,1,3,33,2,2,4,7,11,0,0,99,99
7200,18,3463,2136,1327,0,40,"NSW","Urban","6:00 AM - 12:00 PM",1,1,0,3,110,1,4,10,10,20,0,0,99,99
5778,15,2768,1922,846,0,74,"VIC","Urban","6:00 PM - 12:00 AM",1,0,0,3,91,2,2,7,8,15,0,0,99,99
8374,21,2244,1826,418,1,60,"NSW","Regional","6:00 PM - 12:00 AM",1,1,0,1,166,2,2,0,1,1,1,0,99,99
2287,6,617,0,617,1,35,"SA","Urban","6:00 PM - 12:00 AM",0,1,0,3,146,1,3,2,0,2,0,0,99,99
2234,6,2627,1652,975,0,53,"SA","Urban","12:00 AM - 6:00 AM",1,0,0,3,49,1,4,4,8,12,1,0,99,99
7019,18,2323,2323,0,0,35,"SA","Urban","6:00 PM - 12:00 AM",0,1,1,2,146,1,2,5,5,10,0,0,99,99
6257,16,2875,2740,135,1,62,"QLD","Urban","6:00 AM - 12:00 PM",0,1,1,2,172,3,2,1,0,1,0,0,99,99
6389,16,718,0,718,0,31,"VIC","Urban","6:00 AM - 12:00 PM",1,1,0,2,160,2,2,8,10,18,0,0,99,99
4152,11,3659,2416,1243,1,21,"VIC","Urban","6:00 PM - 12:00 AM",0,1,0,1,60,1,1,8,9,17,0,0,99,99
7808,20,1711,1711,0,1,45,"NSW","Remote","6:00 PM - 12:00 AM",1,0,0,2,134,1,4,7,7,14,1,0,99,99
8020,21,2533,1771,762,99,23,"NSW","Regional","6:00 PM - 12:00 AM",1,1,0,3,27,1,4,1,0,1,0,0,99,99
6660,17,2502,1694,808,0,30,"WA","Urban","12:00 AM - 6:00 AM",1,0,1,3,13,1,2,0,0,0,0,0,99,99
1135,3,251,0,251,1,24,"NSW","Urban","6:00 AM - 12:00 PM",1,1,1,3,18,1,2,0,0,0,0,0,99,99
6406,17,2100,1830,270,0,59,"NSW","Urban","6:00 AM - 12:00 PM",1,0,0,3,156,1,2,3,7,10,0,0,99,99
3740,10,2785,2256,529,0,73,"VIC","Urban","6:00 AM - 12:00 PM",1,0,0,2,16,2,4,0,1,1,0,0,99,99
3420,9,2223,1799,424,1,24,"NSW","Regional","6:00 AM - 12:00 PM",1,0,1,2,63,4,3,9,9,18,0,0,99,99
2474,7,251,0,251,0,25,"WA","Urban","6:00 PM - 12:00 AM",1,1,1,3,86,1,3,10,7,17,0,1,1,1
4936,13,127,0,127,0,28,"NSW","Regional","6:00 PM - 12:00 AM",0,0,1,3,49,2,3,7,10,17,0,0,99,99
3031,8,1933,0,1933,1,19,"WA","Urban","6:00 AM - 12:00 PM",1,0,0,3,121,1,3,7,10,17,0,0,99,99
6573,17,882,0,882,0,34,"WA","Urban","6:00 PM - 12:00 AM",0,1,0,2,123,1,5,10,10,20,0,1,2,0
3016,8,1547,0,1547,1,46,"QLD","Urban","6:00 AM - 12:00 PM",0,1,0,3,101,1,3,8,10,18,0,0,99,99
556,2,1563,1250,313,1,33,"NSW","Urban","6:00 PM - 12:00 AM",1,1,1,3,120,2,3,10,9,19,0,0,99,99
2496,7,2832,2008,824,0,23,"NSW","Urban","6:00 PM - 12:00 AM",1,1,0,1,174,3,2,2,2,4,0,0,99,99
9889,25,798,0,798,0,40,"NSW","Regional","6:00 PM - 12:00 AM",0,1,0,3,54,3,5,7,7,14,0,0,99,99
3028,8,2939,1959,980,1,24,"NT","Urban","6:00 AM - 12:00 PM",0,0,0,3,27,3,2,2,1,3,0,1,3,1
411,2,796,0,796,1,26,"NSW","Regional","6:00 PM - 12:00 AM",1,1,1,1,150,1,4,6,5,11,0,0,99,99
4486,12,938,0,938,1,30,"SA","Urban","6:00 AM - 12:00 PM",0,1,0,1,25,2,1,4,0,4,0,0,99,99
6437,17,2433,1971,462,0,31,"WA","Urban","12:00 AM - 6:00 AM",1,1,0,3,86,1,4,10,10,20,1,0,99,99
8376,21,3019,1846,1173,1,20,"NSW","Regional","6:00 PM - 12:00 AM",1,0,1,3,102,2,1,8,9,17,0,0,99,99
1187,3,3998,2232,1766,0,53,"TAS","Urban","6:00 AM - 12:00 PM",0,0,0,3,102,4,4,10,10,20,1,1,4,0
8854,23,2503,1775,728,1,67,"TAS","Urban","6:00 PM - 12:00 AM",0,0,0,3,129,2,2,8,6,14,0,0,99,99
8602,22,2478,1555,923,1,54,"NSW","Urban","12:00 PM - 6:00 PM",1,1,0,3,145,1,2,2,2,4,0,0,99,99
7112,18,1752,0,1752,1,29,"NSW","Regional","12:00 AM - 6:00 AM",0,1,1,3,86,3,4,10,8,18,0,0,99,99
4345,11,450,0,450,1,25,"NSW","Remote","6:00 PM - 12:00 AM",0,0,0,3,48,1,4,5,3,8,0,0,99,99
210,1,4214,2285,1929,0,52,"NSW","Regional","12:00 AM - 6:00 AM",0,0,0,3,150,4,3,9,8,17,0,0,99,99
9084,23,1957,1135,822,0,-99,"QLD","Urban","6:00 PM - 12:00 AM",1,1,0,3,165,2,3,10,10,20,0,0,99,99
8944,23,2619,1596,1023,1,60,"NSW","Urban","6:00 PM - 12:00 AM",1,0,1,1,82,2,3,7,5,12,0,0,99,99
6683,17,1543,0,1543,1,29,"NT","Urban","12:00 PM - 6:00 PM",0,1,1,3,142,1,3,7,7,14,0,0,99,99
5868,15,788,0,788,99,56,"VIC","Urban","6:00 PM - 12:00 AM",0,0,1,3,31,1,4,9,8,17,0,1,3,0
5689,15,1501,0,1501,1,36,"SA","Urban","6:00 PM - 12:00 AM",0,0,1,3,95,3,2,8,7,15,0,0,99,99
9554,24,792,0,792,0,32,"QLD","Urban","12:00 AM - 6:00 AM",1,1,0,3,171,1,2,5,6,11,1,0,99,99
2327,6,2358,2094,264,1,34,"TAS","Urban","12:00 PM - 6:00 PM",0,0,0,2,28,3,3,8,7,15,0,0,99,99
8457,22,2534,1787,747,1,74,"QLD","Urban","6:00 PM - 12:00 AM",1,0,0,1,85,4,3,8,5,13,1,0,99,99
668,2,1540,1328,212,0,30,"SA","Urban","12:00 PM - 6:00 PM",1,1,0,3,138,1,2,3,6,9,0,0,99,99
3287,9,2142,1119,1023,1,36,"NSW","Regional","12:00 AM - 6:00 AM",1,1,0,3,78,2,2,8,5,13,1,1,2,1
5838,15,2208,1306,902,1,57,"NSW","Urban","12:00 PM - 6:00 PM",1,0,0,3,86,4,3,10,10,20,0,0,99,99
3429,9,3664,1810,1854,1,19,"NSW","Regional","6:00 PM - 12:00 AM",0,1,0,3,165,2,2,3,2,5,0,0,99,99
5624,15,1367,0,1367,1,61,"TAS","Urban","6:00 AM - 12:00 PM",1,1,1,3,172,1,4,4,4,8,0,1,3,1
8154,21,1378,0,1378,0,-99,"NSW","Urban","6:00 AM - 12:00 PM",0,1,0,3,33,1,4,4,4,8,0,0,99,99
398,1,645,0,645,1,45,"SA","Urban","6:00 PM - 12:00 AM",1,1,0,3,72,2,2,4,3,7,0,0,99,99
704,2,929,0,929,0,30,"NSW","Urban","6:00 PM - 12:00 AM",0,0,0,2,156,1,3,8,5,13,1,0,99,99
3461,9,2822,1900,922,1,48,"NSW","Regional","6:00 AM - 12:00 PM",1,1,0,3,24,1,2,0,0,0,1,0,99,99
2400,6,1227,0,1227,1,20,"SA","Urban","12:00 AM - 6:00 AM",1,0,1,3,127,1,3,7,8,15,1,0,99,99
317,1,900,0,900,1,25,"VIC","Regional","6:00 PM - 12:00 AM",1,1,0,3,150,1,1,8,5,13,0,0,99,99
4447,12,2743,2088,655,1,62,"SA","Urban","6:00 AM - 12:00 PM",0,1,1,3,99,2,2,10,8,18,0,0,99,99
6243,16,3045,1783,1262,0,75,"NSW","Urban","6:00 AM - 12:00 PM",0,1,0,3,30,3,2,1,2,3,1,0,99,99
3970,10,2337,1348,989,1,63,"NT","Urban","6:00 AM - 12:00 PM",0,0,1,3,106,1,5,10,10,20,0,0,99,99
1736,5,327,0,327,1,28,"NSW","Urban","6:00 PM - 12:00 AM",1,1,0,1,36,2,2,0,0,0,0,0,99,99
5923,15,265,0,265,1,76,"QLD","Urban","6:00 PM - 12:00 AM",0,0,1,2,89,2,2,10,10,20,0,0,99,99
5860,15,160,0,160,1,23,"NSW","Regional","6:00 PM - 12:00 AM",1,1,0,2,81,4,3,10,9,19,0,1,1,0
6747,17,2725,1326,1399,0,33,"NSW","Regional","6:00 PM - 12:00 AM",1,1,1,1,116,4,4,6,5,11,1,0,99,99
9702,25,1233,0,1233,1,20,"NSW","Regional","6:00 PM - 12:00 AM",0,0,0,3,87,3,3,7,10,17,0,0,99,99
8578,22,2537,1580,957,0,40,"NSW","Remote","6:00 AM - 12:00 PM",0,1,1,3,159,2,3,4,1,5,0,0,99,99
2552,7,3612,1790,1822,1,78,"NT","Urban","6:00 AM - 12:00 PM",0,0,0,3,81,2,3,10,8,18,0,0,99,99
4033,11,2304,1323,981,0,54,"NT","Urban","6:00 PM - 12:00 AM",0,1,1,2,120,2,2,8,10,18,0,0,99,99
4295,11,2140,2057,83,0,58,"SA","Urban","12:00 AM - 6:00 AM",0,0,1,2,73,2,4,6,9,15,1,1,4,0
615,2,3434,1834,1600,1,50,"NT","Regional","6:00 PM - 12:00 AM",1,0,0,1,60,4,4,10,10,20,1,0,99,99
3614,10,1476,0,1476,0,39,"NSW","Regional","6:00 PM - 12:00 AM",0,0,0,3,67,2,2,8,6,14,1,0,99,99
3127,8,2219,1615,604,1,43,"NSW","Remote","6:00 PM - 12:00 AM",0,0,0,3,109,2,4,8,2,10,0,0,99,99
1301,4,3579,1751,1828,1,58,"NSW","Urban","6:00 AM - 12:00 PM",0,0,0,3,138,2,3,6,3,9,0,0,99,99
2040,6,406,0,406,1,77,"NSW","Remote","6:00 AM - 12:00 PM",1,1,0,3,132,1,2,5,6,11,1,1,2,1
2727,7,329,0,329,0,-99,"VIC","Urban","6:00 PM - 12:00 AM",0,1,0,3,26,2,2,0,0,0,1,0,99,99
3909,10,3250,2481,769,99,46,"NT","Urban","12:00 AM - 6:00 AM",0,0,1,1,137,4,3,7,4,11,0,0,99,99
1405,4,420,0,420,0,20,"NSW","Urban","6:00 AM - 12:00 PM",0,0,0,2,30,1,3,5,7,12,0,0,99,99
3551,9,1876,0,1876,99,73,"NSW","Remote","6:00 PM - 12:00 AM",1,1,1,1,131,2,1,6,2,8,0,0,99,99
2664,7,737,0,737,0,66,"NSW","Urban","6:00 PM - 12:00 AM",1,1,0,1,88,1,4,10,10,20,0,0,99,99
8150,21,1349,0,1349,0,54,"NT","Urban","12:00 AM - 6:00 AM",0,1,1,3,134,1,3,7,9,16,1,0,99,99
5201,14,3274,1724,1550,1,46,"NSW","Regional","6:00 PM - 12:00 AM",0,0,1,2,147,3,2,8,9,17,0,0,99,99
1516,4,329,0,329,0,24,"VIC","Urban","6:00 AM - 12:00 PM",1,1,1,1,78,2,3,9,9,18,1,0,99,99
7493,19,2042,2042,0,1,71,"WA","Urban","6:00 PM - 12:00 AM",1,1,0,2,35,2,4,1,1,2,1,0,99,99
2878,8,2745,1837,908,0,-99,"VIC","Urban","12:00 AM - 6:00 AM",1,0,0,2,151,3,2,1,1,2,0,0,99,99
8506,22,3070,1649,1421,1,-99,"NSW","Urban","6:00 AM - 12:00 PM",0,1,0,2,62,1,5,7,7,14,0,0,99,99
5826,15,2362,1100,1262,0,20,"WA","Urban","6:00 AM - 12:00 PM",0,1,1,3,86,1,2,6,5,11,0,0,99,99
7707,20,3590,1891,1699,1,68,"SA","Urban","6:00 PM - 12:00 AM",0,0,1,3,52,4,4,10,10,20,0,0,99,99
7078,18,1966,1060,906,0,52,"NSW","Remote","12:00 AM - 6:00 AM",0,0,0,3,97,2,5,10,9,19,1,0,99,99
4172,11,3126,1932,1194,0,48,"TAS","Urban","6:00 PM - 12:00 AM",0,0,0,1,146,3,2,5,4,9,0,0,99,99
4452,12,618,0,618,1,62,"WA","Urban","6:00 AM - 12:00 PM",1,0,0,2,37,2,2,6,8,14,1,0,99,99
9147,23,69,0,69,0,76,"VIC","Urban","6:00 PM - 12:00 AM",1,1,0,3,112,4,5,8,8,16,1,0,99,99
5532,14,1889,1889,0,0,43,"NSW","Regional","6:00 AM - 12:00 PM",0,0,1,2,106,1,3,10,9,19,0,0,99,99
5355,14,1951,1293,658,0,53,"TAS","Urban","6:00 AM - 12:00 PM",1,1,1,3,107,1,2,9,9,18,1,0,99,99
6048,16,2787,1705,1082,1,-99,"NSW","Urban","6:00 AM - 12:00 PM",1,0,1,3,101,3,4,10,10,20,1,1,2,0
8640,22,2319,1489,830,0,37,"NSW","Regional","6:00 AM - 12:00 PM",1,1,1,1,45,2,4,9,5,14,1,1,3,0
3623,10,2901,2110,791,0,66,"NSW","Regional","6:00 PM - 12:00 AM",1,0,0,3,96,3,2,10,10,20,0,0,99,99
9823,25,1130,0,1130,0,45,"VIC","Urban","6:00 AM - 12:00 PM",1,1,0,3,91,2,3,6,3,9,1,0,99,99
4668,12,1461,1039,422,1,66,"NSW","Regional","6:00 AM - 12:00 PM",1,0,1,3,15,2,4,2,2,4,0,0,99,99
8106,21,1495,1495,0,0,56,"VIC","Urban","12:00 PM - 6:00 PM",0,0,0,2,117,1,2,10,10,20,0,0,99,99
4760,12,775,0,775,0,-99,"TAS","Urban","6:00 AM - 12:00 PM",1,0,0,3,118,1,3,10,8,18,1,0,99,99
9246,24,400,0,400,1,50,"VIC","Urban","12:00 AM - 6:00 AM",1,0,1,3,102,1,3,9,5,14,0,0,99,99
9742,25,2767,1614,1153,1,30,"VIC","Urban","6:00 AM - 12:00 PM",0,0,0,2,147,2,2,8,7,15,0,1,2,0
8934,23,3367,1972,1395,1,57,"QLD","Urban","6:00 AM - 12:00 PM",0,0,1,3,45,2,2,7,6,13,1,0,99,99
9861,25,902,0,902,1,25,"VIC","Urban","6:00 PM - 12:00 AM",1,1,0,1,150,3,3,5,3,8,0,0,99,99
247,1,254,0,254,0,25,"NSW","Urban","12:00 PM - 6:00 PM",1,1,0,3,180,2,3,2,1,3,0,0,99,99
9139,23,852,0,852,0,38,"NSW","Urban","6:00 PM - 12:00 AM",0,0,0,3,106,3,2,10,10,20,0,1,3,0
5411,14,885,0,885,99,56,"VIC","Urban","6:00 AM - 12:00 PM",0,1,0,3,137,1,4,9,9,18,0,1,3,0
7586,19,400,0,400,0,28,"TAS","Urban","6:00 PM - 12:00 AM",0,0,0,3,36,1,4,8,9,17,0,0,99,99
7997,20,3787,2436,1351,0,63,"VIC","Urban","6:00 PM - 12:00 AM",1,1,1,2,37,2,4,7,8,15,0,0,99,99
7335,19,3007,1882,1125,0,-99,"NT","Urban","6:00 AM - 12:00 PM",1,0,1,1,134,2,3,7,8,15,1,0,99,99
423,2,381,0,381,1,26,"VIC","Urban","6:00 PM - 12:00 AM",0,1,0,1,48,1,2,3,3,6,0,0,99,99
1964,5,3204,1704,1500,0,60,"VIC","Urban","6:00 PM - 12:00 AM",0,0,0,1,60,1,3,7,8,15,0,0,99,99
7959,20,206,0,206,0,45,"NT","Urban","6:00 AM - 12:00 PM",0,1,0,2,64,2,2,6,9,15,1,0,99,99
9255,24,1015,0,1015,1,33,"NSW","Urban","12:00 PM - 6:00 PM",1,1,0,3,49,1,3,7,7,14,0,1,3,0
7990,20,1196,0,1196,0,73,"NSW","Remote","6:00 PM - 12:00 AM",0,1,1,3,69,3,4,10,10,20,0,0,99,99
5619,15,1067,0,1067,1,25,"SA","Urban","6:00 PM - 12:00 AM",0,1,1,3,87,2,2,9,10,19,0,0,99,99
3745,10,2332,1061,1271,0,74,"NT","Urban","6:00 AM - 12:00 PM",0,0,1,2,141,1,3,10,8,18,0,0,99,99
4925,13,2884,1995,889,0,45,"VIC","Urban","6:00 PM - 12:00 AM",1,1,0,1,134,1,4,8,10,18,0,0,99,99
1739,5,365,0,365,1,29,"WA","Regional","6:00 PM - 12:00 AM",0,1,0,3,168,2,3,6,6,12,0,0,99,99
144,1,4019,2032,1987,0,41,"ACT","Regional","12:00 AM - 6:00 AM",0,1,0,3,96,1,3,10,10,20,1,0,99,99
1082,3,3690,1952,1738,0,52,"NSW","Regional","6:00 AM - 12:00 PM",0,0,1,3,132,2,2,5,5,10,0,0,99,99
2086,6,770,0,770,0,65,"SA","Urban","6:00 PM - 12:00 AM",0,1,0,1,155,1,3,4,4,8,0,0,99,99
1363,4,868,0,868,0,38,"NSW","Regional","6:00 AM - 12:00 PM",1,1,1,3,126,1,3,5,9,14,0,0,99,99
2637,7,1460,0,1460,1,37,"NSW","Urban","6:00 PM - 12:00 AM",1,1,0,3,50,3,3,6,9,15,0,1,0,0
6118,16,3588,1891,1697,1,43,"VIC","Urban","12:00 PM - 6:00 PM",0,1,0,3,39,2,5,7,5,12,1,0,99,99
9290,24,951,0,951,1,76,"NSW","Regional","12:00 AM - 6:00 AM",1,0,0,3,96,3,2,5,4,9,1,0,99,99
1498,4,3366,1551,1815,0,49,"TAS","Remote","6:00 AM - 12:00 PM",0,0,0,3,126,2,4,10,9,19,0,0,99,99
6305,16,1524,0,1524,1,32,"NSW","Remote","12:00 AM - 6:00 AM",0,0,1,3,71,4,4,10,9,19,1,0,99,99
1506,4,3230,1966,1264,1,59,"ACT","Regional","6:00 AM - 12:00 PM",0,0,1,3,138,3,2,8,6,14,1,0,99,99
9046,23,1581,0,1581,0,29,"WA","Urban","6:00 AM - 12:00 PM",1,1,1,3,173,4,3,3,3,6,0,0,99,99
8911,23,3065,1919,1146,99,75,"NSW","Urban","6:00 AM - 12:00 PM",0,1,1,3,145,1,3,8,8,16,0,1,2,1
7492,19,2389,1335,1054,1,39,"NSW","Regional","6:00 PM - 12:00 AM",1,0,1,3,75,2,3,6,7,13,0,0,99,99
8366,21,1650,0,1650,99,70,"QLD","Urban","12:00 AM - 6:00 AM",1,0,0,3,147,2,4,4,6,10,1,0,99,99
7748,20,1175,0,1175,1,28,"NSW","Remote","6:00 AM - 12:00 PM",0,1,0,3,153,4,3,3,1,4,0,0,99,99
8362,21,810,0,810,1,28,"NSW","Regional","12:00 AM - 6:00 AM",0,1,0,3,88,2,2,8,8,16,0,0,99,99
4066,11,1986,1986,0,0,70,"WA","Urban","6:00 PM - 12:00 AM",1,1,1,3,87,2,4,7,6,13,1,0,99,99
6776,17,2523,1816,707,0,77,"NSW","Regional","6:00 PM - 12:00 AM",0,1,1,3,164,1,3,9,8,17,0,0,99,99
3925,10,2326,1693,633,1,45,"NSW","Urban","12:00 PM - 6:00 PM",0,1,0,2,112,1,4,8,9,17,0,0,99,99
5651,15,3137,1704,1433,0,39,"TAS","Urban","6:00 PM - 12:00 AM",0,1,1,2,151,1,3,4,4,8,0,0,99,99
2005,6,2281,2281,0,0,55,"TAS","Urban","12:00 PM - 6:00 PM",0,1,0,2,174,3,4,4,3,7,0,0,99,99
2311,6,2604,1449,1155,1,67,"VIC","Urban","6:00 AM - 12:00 PM",0,1,0,3,63,3,3,9,9,18,1,1,1,1
1291,4,240,0,240,1,39,"NSW","Urban","12:00 PM - 6:00 PM",0,1,0,3,42,1,3,10,7,17,0,0,99,99
5951,15,2104,1431,673,1,22,"VIC","Urban","12:00 AM - 6:00 AM",0,1,1,3,147,2,3,3,2,5,0,0,99,99
5681,15,1964,1964,0,1,38,"NSW","Remote","6:00 AM - 12:00 PM",0,1,1,2,14,1,3,0,1,1,1,0,99,99
7383,19,4507,2309,2198,1,72,"WA","Urban","6:00 AM - 12:00 PM",1,1,0,2,17,1,3,4,7,11,1,0,99,99
5152,13,2392,1946,446,1,75,"NSW","Regional","6:00 AM - 12:00 PM",1,1,0,1,107,3,5,10,10,20,0,0,99,99
8096,21,1769,0,1769,1,50,"NSW","Remote","6:00 PM - 12:00 AM",0,1,0,2,59,2,2,4,2,6,0,0,99,99
8172,21,319,0,319,0,66,"NSW","Regional","6:00 PM - 12:00 AM",0,0,0,3,105,1,2,9,10,19,1,0,99,99
5541,14,2668,2091,577,1,75,"NSW","Urban","12:00 PM - 6:00 PM",1,0,0,1,159,1,2,4,3,7,0,0,99,99
1708,5,1434,1073,361,1,36,"NSW","Urban","6:00 PM - 12:00 AM",1,1,1,3,48,2,4,7,7,14,1,0,99,99
9141,23,1188,0,1188,0,21,"WA","Urban","6:00 PM - 12:00 AM",0,0,1,3,172,1,4,1,0,1,0,0,99,99
8604,22,1811,1811,0,0,21,"NSW","Regional","6:00 PM - 12:00 AM",1,1,1,3,103,1,4,10,10,20,0,0,99,99
449,2,1729,1410,319,1,40,"NT","Urban","6:00 PM - 12:00 AM",1,1,0,3,72,1,5,6,5,11,0,0,99,99
1424,4,906,0,906,0,26,"NSW","Urban","12:00 PM - 6:00 PM",1,1,0,3,18,2,1,2,0,2,0,0,99,99
7671,20,58,0,58,1,73,"NSW","Urban","6:00 PM - 12:00 AM",0,0,0,3,77,1,3,10,10,20,1,0,99,99
3110,8,1330,0,1330,0,67,"NSW","Regional","12:00 AM - 6:00 AM",1,0,1,1,89,2,1,5,7,12,0,0,99,99
1670,5,1727,1428,299,1,35,"ACT","Urban","6:00 PM - 12:00 AM",1,1,0,1,84,2,2,5,4,9,0,0,99,99
2733,7,3089,2469,620,0,58,"VIC","Urban","6:00 AM - 12:00 PM",0,1,1,3,175,1,3,0,1,1,1,0,99,99
6391,16,2449,1766,683,0,55,"NSW","Regional","6:00 AM - 12:00 PM",0,1,0,3,48,1,2,6,2,8,0,0,99,99
2081,6,3532,1796,1736,0,68,"VIC","Urban","12:00 AM - 6:00 AM",0,1,1,2,64,1,3,10,10,20,0,0,99,99
81,1,576,0,576,0,21,"QLD","Urban","12:00 AM - 6:00 AM",1,0,1,2,24,2,3,3,0,3,0,0,99,99
670,2,1455,0,1455,0,36,"ACT","Regional","6:00 PM - 12:00 AM",0,1,0,2,102,2,2,5,4,9,1,0,99,99
1168,3,1401,1121,280,1,31,"QLD","Urban","6:00 AM - 12:00 PM",1,1,1,3,24,2,4,2,0,2,0,0,99,99
71,1,309,0,309,0,21,"NSW","Urban","12:00 AM - 6:00 AM",0,1,1,3,78,1,2,6,5,11,1,0,99,99
6335,16,2015,2015,0,1,46,"NSW","Regional","6:00 PM - 12:00 AM",1,1,0,1,138,1,5,10,9,19,0,0,99,99
2537,7,318,0,318,0,67,"QLD","Urban","6:00 AM - 12:00 PM",1,0,1,3,16,1,2,1,1,2,0,1,0,0
1520,4,1494,1378,116,1,26,"WA","Urban","6:00 AM - 12:00 PM",1,1,0,3,132,1,2,2,2,4,0,0,99,99
8491,22,2478,2478,0,0,32,"NT","Urban","6:00 AM - 12:00 PM",1,1,0,3,132,2,3,9,10,19,0,0,99,99
5442,14,2010,2010,0,1,-99,"TAS","Urban","6:00 PM - 12:00 AM",0,1,0,1,164,1,2,4,2,6,1,1,3,1
9320,24,1674,0,1674,1,63,"NSW","Remote","12:00 PM - 6:00 PM",0,1,0,3,180,1,3,3,5,8,0,0,99,99
2923,8,1028,0,1028,0,-99,"NSW","Remote","6:00 AM - 12:00 PM",0,1,1,3,140,1,4,8,10,18,1,0,99,99
664,2,3730,1828,1902,1,55,"TAS","Urban","6:00 PM - 12:00 AM",0,0,1,3,12,3,2,1,3,4,0,0,99,99
5324,14,1573,0,1573,1,-99,"NSW","Remote","6:00 PM - 12:00 AM",0,1,0,2,106,1,4,5,4,9,0,0,99,99
194,1,367,0,367,1,23,"NSW","Regional","12:00 AM - 6:00 AM",1,1,0,3,144,2,3,9,6,15,0,0,99,99
5122,13,1715,0,1715,1,48,"NT","Urban","6:00 AM - 12:00 PM",0,1,0,3,150,2,3,6,6,12,0,0,99,99
9282,24,2225,1442,783,0,39,"NT","Urban","12:00 PM - 6:00 PM",1,1,0,1,108,2,2,5,3,8,0,0,99,99
4978,13,3677,2088,1589,1,63,"NSW","Regional","6:00 AM - 12:00 PM",0,1,0,3,156,1,1,3,4,7,1,0,99,99
7024,18,2498,1954,544,1,55,"QLD","Urban","6:00 PM - 12:00 AM",1,1,1,2,155,2,4,7,9,16,0,1,2,0
6509,17,1411,1411,0,1,33,"NSW","Urban","6:00 PM - 12:00 AM",0,1,1,1,41,3,3,4,4,8,0,0,99,99
5859,15,1857,0,1857,0,32,"NSW","Regional","12:00 PM - 6:00 PM",0,0,1,3,176,1,2,4,2,6,1,0,99,99
5543,14,2580,1336,1244,1,20,"NSW","Regional","6:00 PM - 12:00 AM",0,1,0,2,118,3,4,8,7,15,0,1,1,0
353,1,372,0,372,1,38,"SA","Urban","6:00 PM - 12:00 AM",1,1,1,3,48,2,1,9,8,17,1,0,99,99
4167,11,2231,2073,158,0,24,"NSW","Regional","6:00 AM - 12:00 PM",1,0,0,3,46,2,4,9,9,18,0,0,99,99
274,1,545,0,545,0,21,"NSW","Remote","12:00 AM - 6:00 AM",1,1,1,2,36,2,3,3,7,10,0,0,99,99
2856,8,752,0,752,1,25,"NSW","Regional","6:00 PM - 12:00 AM",0,0,0,3,133,3,2,7,4,11,1,0,99,99
6947,18,3955,1933,2022,1,75,"NSW","Urban","6:00 AM - 12:00 PM",1,1,1,3,119,1,4,9,10,19,1,0,99,99
530,2,725,0,725,1,33,"NSW","Regional","6:00 PM - 12:00 AM",1,1,0,2,48,2,3,6,5,11,1,0,99,99
1148,3,307,0,307,0,20,"NSW","Remote","6:00 AM - 12:00 PM",0,1,0,1,180,2,3,0,3,3,0,0,99,99
1340,4,1700,1480,220,1,31,"TAS","Remote","6:00 AM - 12:00 PM",0,1,1,3,126,2,3,10,9,19,1,0,99,99
8885,23,3687,2238,1449,0,26,"NSW","Regional","6:00 PM - 12:00 AM",0,1,1,3,99,2,4,9,9,18,1,0,99,99
1952,5,1044,0,1044,1,38,"NSW","Urban","6:00 PM - 12:00 AM",1,0,0,3,90,2,4,8,10,18,0,0,99,99
8420,22,2106,1477,629,0,66,"VIC","Urban","6:00 PM - 12:00 AM",0,1,0,3,77,1,2,9,9,18,0,1,4,0
9496,24,3061,1994,1067,99,49,"NSW","Remote","6:00 PM - 12:00 AM",1,1,1,2,125,2,2,10,8,18,0,0,99,99
9680,25,2907,1933,974,1,27,"NSW","Remote","6:00 PM - 12:00 AM",1,0,0,3,171,1,2,0,0,0,1,0,99,99
5334,14,1208,0,1208,1,23,"NT","Urban","6:00 PM - 12:00 AM",0,0,0,3,53,2,2,8,10,18,1,0,99,99
7416,19,444,0,444,0,65,"TAS","Urban","12:00 AM - 6:00 AM",1,0,1,3,94,3,2,8,7,15,0,0,99,99
3362,9,2459,1284,1175,0,64,"NT","Urban","6:00 AM - 12:00 PM",1,1,0,3,138,3,4,5,8,13,1,0,99,99
3225,9,2531,1278,1253,1,39,"NSW","Regional","6:00 PM - 12:00 AM",1,1,1,3,87,4,3,10,10,20,0,0,99,99
4889,13,12,0,12,1,36,"NSW","Urban","6:00 PM - 12:00 AM",1,1,1,3,161,2,2,9,8,17,1,0,99,99
2291,6,2754,1241,1513,1,-99,"NSW","Urban","6:00 PM - 12:00 AM",0,0,1,2,60,2,2,8,10,18,0,0,99,99
8678,22,1877,0,1877,1,50,"QLD","Urban","12:00 PM - 6:00 PM",0,1,1,2,142,2,4,5,10,15,0,0,99,99
3560,9,2073,1284,789,0,28,"VIC","Urban","6:00 AM - 12:00 PM",0,1,0,1,63,4,3,10,7,17,1,0,99,99
261,1,809,0,809,0,28,"TAS","Regional","12:00 AM - 6:00 AM",1,0,1,2,156,2,2,3,3,6,0,0,99,99
6150,16,819,0,819,1,36,"NSW","Regional","6:00 AM - 12:00 PM",1,1,0,2,39,4,3,4,3,7,0,0,99,99
7944,20,1384,0,1384,0,48,"TAS","Urban","6:00 AM - 12:00 PM",1,0,0,3,46,1,3,8,8,16,1,0,99,99
9683,25,77,0,77,1,19,"NSW","Regional","12:00 AM - 6:00 AM",0,1,0,1,142,1,3,9,10,19,0,0,99,99
2046,6,2145,1964,181,0,47,"TAS","Urban","6:00 PM - 12:00 AM",1,0,1,1,105,1,1,7,7,14,0,0,99,99
3639,10,2881,1717,1164,1,46,"VIC","Urban","6:00 PM - 12:00 AM",0,1,1,3,17,4,3,3,6,9,0,0,99,99
1607,5,2743,1843,900,1,49,"NSW","Remote","6:00 AM - 12:00 PM",0,1,1,3,36,4,2,1,5,6,0,1,3,0
381,1,547,0,547,0,45,"VIC","Urban","6:00 PM - 12:00 AM",1,1,0,3,84,1,3,6,4,10,0,0,99,99
7319,19,2660,1916,744,1,58,"VIC","Urban","6:00 PM - 12:00 AM",0,0,0,3,179,1,4,1,0,1,0,0,99,99
1760,5,3746,2021,1725,1,54,"QLD","Regional","6:00 PM - 12:00 AM",0,0,0,3,132,4,3,9,10,19,1,1,5,0
3302,9,68,0,68,1,30,"VIC","Urban","6:00 PM - 12:00 AM",1,0,1,2,176,1,2,4,2,6,0,0,99,99
1824,5,3735,2055,1680,1,52,"QLD","Urban","12:00 PM - 6:00 PM",1,0,1,3,126,4,3,8,10,18,0,0,99,99
9648,25,591,0,591,99,71,"TAS","Urban","12:00 AM - 6:00 AM",1,1,1,3,152,2,3,6,4,10,0,0,99,99
6990,18,1569,1475,94,1,61,"NSW","Regional","6:00 AM - 12:00 PM",0,0,0,3,40,1,4,9,8,17,1,0,99,99
3312,9,1073,0,1073,1,74,"SA","Urban","6:00 PM - 12:00 AM",1,0,0,3,105,1,3,9,7,16,1,0,99,99
3547,9,2678,1738,940,1,57,"VIC","Urban","6:00 AM - 12:00 PM",1,1,0,3,71,1,3,10,9,19,0,0,99,99
4796,12,3602,2596,1006,0,77,"NSW","Remote","6:00 AM - 12:00 PM",0,1,0,3,139,2,4,5,4,9,1,0,99,99
9885,25,2966,1403,1563,0,30,"NSW","Urban","6:00 AM - 12:00 PM",0,0,0,3,108,3,2,10,10,20,1,0,99,99
1090,3,3447,2285,1162,0,56,"VIC","Urban","12:00 PM - 6:00 PM",1,0,1,3,54,3,2,5,3,8,0,0,99,99
8629,22,2670,1653,1017,1,22,"NSW","Remote","6:00 PM - 12:00 AM",0,0,1,3,171,1,4,9,10,19,0,0,99,99
9442,24,3611,1843,1768,0,76,"NSW","Remote","6:00 PM - 12:00 AM",1,1,0,3,98,1,3,10,10,20,0,1,0,0
9779,25,2220,1355,865,1,62,"NT","Urban","12:00 PM - 6:00 PM",0,0,0,2,41,2,3,3,2,5,1,1,4,1
7356,19,422,0,422,1,73,"QLD","Urban","12:00 AM - 6:00 AM",0,0,0,3,165,2,3,4,3,7,0,0,99,99
1806,5,222,0,222,1,23,"NSW","Urban","6:00 PM - 12:00 AM",0,1,0,3,66,1,3,7,4,11,0,0,99,99
1783,5,1873,1691,182,0,41,"NSW","Urban","6:00 PM - 12:00 AM",1,1,0,3,60,2,2,7,6,13,0,0,99,99
9185,23,717,0,717,0,49,"QLD","Urban","6:00 PM - 12:00 AM",0,0,1,3,113,1,2,10,10,20,0,0,99,99
2978,8,2764,1989,775,0,71,"VIC","Urban","6:00 PM - 12:00 AM",1,1,1,3,110,1,4,10,10,20,0,0,99,99
4960,13,3361,1513,1848,0,71,"VIC","Urban","6:00 PM - 12:00 AM",0,1,1,1,138,2,3,9,8,17,0,0,99,99
5290,14,3180,1773,1407,1,55,"VIC","Urban","6:00 AM - 12:00 PM",1,0,0,3,54,4,4,4,3,7,0,0,99,99
597,2,518,0,518,1,31,"NSW","Urban","6:00 PM - 12:00 AM",0,1,0,3,90,1,2,10,10,20,1,0,99,99
6286,16,2194,2194,0,0,18,"VIC","Urban","12:00 PM - 6:00 PM",1,1,0,3,175,1,2,0,0,0,0,0,99,99
6099,16,678,0,678,1,-99,"VIC","Urban","6:00 AM - 12:00 PM",0,0,0,3,112,1,2,8,9,17,0,0,99,99
1382,4,1536,1367,169,1,26,"QLD","Urban","6:00 AM - 12:00 PM",1,1,1,3,42,2,2,0,0,0,0,0,99,99
8299,21,2336,1184,1152,0,75,"QLD","Urban","12:00 AM - 6:00 AM",0,0,0,3,147,1,3,5,3,8,0,0,99,99
3942,10,2059,1730,329,0,35,"VIC","Urban","6:00 PM - 12:00 AM",1,1,0,3,47,2,5,7,9,16,0,0,99,99
2070,6,3182,1913,1269,0,35,"NT","Urban","6:00 PM - 12:00 AM",0,0,0,2,99,1,3,10,9,19,0,0,99,99
2385,6,1067,0,1067,1,61,"NSW","Regional","6:00 AM - 12:00 PM",1,0,1,3,140,1,3,8,7,15,0,0,99,99
9159,23,749,0,749,0,72,"QLD","Urban","6:00 PM - 12:00 AM",1,1,0,1,35,1,2,4,2,6,0,1,0,0
3499,9,1390,1390,0,0,71,"TAS","Urban","6:00 AM - 12:00 PM",1,0,1,3,16,1,5,2,2,4,0,1,5,1
6811,18,750,0,750,0,44,"NSW","Remote","6:00 AM - 12:00 PM",1,0,0,1,135,1,4,9,9,18,0,0,99,99
6160,16,3659,2255,1404,99,40,"NSW","Urban","6:00 PM - 12:00 AM",1,0,0,2,110,2,3,10,10,20,1,0,99,99
4392,11,1649,0,1649,0,34,"SA","Urban","6:00 AM - 12:00 PM",0,1,0,3,40,3,3,10,10,20,0,0,99,99
2624,7,3468,1954,1514,0,76,"NSW","Remote","6:00 AM - 12:00 PM",1,1,0,3,127,1,2,6,3,9,0,0,99,99
2221,6,1315,1315,0,1,-99,"QLD","Urban","6:00 PM - 12:00 AM",0,0,0,2,17,4,3,4,3,7,0,0,99,99
568,2,3383,1926,1457,0,53,"VIC","Regional","6:00 PM - 12:00 AM",1,0,0,2,30,2,3,4,5,9,0,0,99,99
7937,20,3063,1554,1509,0,32,"SA","Urban","6:00 PM - 12:00 AM",0,1,0,1,73,2,2,8,9,17,0,0,99,99
3644,10,3676,2943,733,0,45,"NSW","Urban","6:00 AM - 12:00 PM",0,0,0,2,80,4,1,10,10,20,1,0,99,99
5705,15,2659,1715,944,1,29,"NSW","Remote","6:00 PM - 12:00 AM",0,0,1,2,26,1,2,4,5,9,0,1,1,0
2179,6,1696,1696,0,1,44,"NSW","Regional","6:00 AM - 12:00 PM",0,1,0,3,165,1,3,0,2,2,1,0,99,99
6433,17,356,0,356,1,58,"NSW","Remote","12:00 PM - 6:00 PM",0,0,1,3,14,2,3,8,10,18,0,0,99,99
466,2,1973,1779,194,0,41,"NSW","Urban","6:00 PM - 12:00 AM",1,1,0,2,114,1,3,9,9,18,0,0,99,99
2603,7,1420,1420,0,1,66,"QLD","Urban","6:00 AM - 12:00 PM",0,1,1,2,88,2,4,7,6,13,0,0,99,99
6339,16,637,0,637,1,77,"WA","Urban","6:00 AM - 12:00 PM",0,0,0,3,96,1,3,10,9,19,1,1,1,0
5376,14,1791,1690,101,1,43,"QLD","Urban","12:00 AM - 6:00 AM",0,0,1,1,159,4,4,6,2,8,0,0,99,99
4073,11,385,0,385,1,34,"NSW","Regional","6:00 PM - 12:00 AM",0,0,0,3,129,2,2,5,1,6,0,0,99,99
7042,18,2745,1704,1041,1,46,"NSW","Remote","6:00 AM - 12:00 PM",0,1,0,3,81,2,2,10,10,20,1,0,99,99
2449,7,2490,1866,624,0,-99,"NSW","Urban","6:00 AM - 12:00 PM",1,1,1,3,51,1,5,8,10,18,0,0,99,99
4443,12,2666,1916,750,0,-99,"QLD","Urban","6:00 AM - 12:00 PM",0,0,1,2,142,1,3,5,5,10,1,0,99,99
5074,13,3211,2348,863,0,23,"NSW","Urban","6:00 PM - 12:00 AM",1,1,0,1,124,2,3,5,3,8,0,0,99,99
4197,11,1898,1898,0,0,57,"SA","Urban","6:00 AM - 12:00 PM",1,1,1,3,55,1,4,8,7,15,0,0,99,99
9929,25,2710,2433,277,1,47,"NSW","Remote","12:00 AM - 6:00 AM",1,1,1,3,163,4,3,6,6,12,0,0,99,99
4125,11,3124,1782,1342,1,28,"VIC","Urban","6:00 PM - 12:00 AM",1,0,1,3,74,1,4,10,10,20,0,0,99,99
2540,7,1164,0,1164,1,22,"NT","Urban","12:00 AM - 6:00 AM",1,1,0,1,143,2,2,7,5,12,0,0,99,99
2243,6,2076,0,2076,1,73,"TAS","Urban","6:00 PM - 12:00 AM",1,1,0,3,83,1,2,9,10,19,0,0,99,99
7412,19,1201,0,1201,1,74,"SA","Urban","6:00 PM - 12:00 AM",0,0,0,3,141,1,3,9,9,18,0,0,99,99
890,3,390,0,390,1,22,"VIC","Urban","12:00 PM - 6:00 PM",1,1,1,3,126,1,3,8,5,13,0,0,99,99
6421,17,999,0,999,1,41,"NT","Urban","6:00 AM - 12:00 PM",0,0,1,3,121,4,5,10,10,20,0,0,99,99
1929,5,4346,2401,1945,1,44,"NT","Urban","6:00 PM - 12:00 AM",1,0,0,3,132,4,4,8,7,15,0,0,99,99
8035,21,2318,1793,525,1,67,"NSW","Remote","12:00 PM - 6:00 PM",0,1,0,3,178,1,2,1,0,1,0,0,99,99
4993,13,3481,1960,1521,1,23,"NSW","Regional","12:00 AM - 6:00 AM",0,0,1,3,51,4,1,6,6,12,0,1,4,0
2140,6,1514,0,1514,0,62,"VIC","Urban","6:00 PM - 12:00 AM",0,1,0,1,96,2,5,5,6,11,0,0,99,99
3513,9,145,0,145,0,46,"NSW","Urban","6:00 PM - 12:00 AM",0,1,0,3,101,4,5,5,7,12,0,0,99,99
8967,23,851,0,851,1,33,"NSW","Urban","6:00 PM - 12:00 AM",0,1,0,3,17,2,2,0,2,2,0,0,99,99
671,2,205,0,205,1,31,"QLD","Regional","6:00 PM - 12:00 AM",1,0,1,3,126,1,4,4,7,11,1,0,99,99
9644,25,605,0,605,1,70,"VIC","Urban","12:00 AM - 6:00 AM",1,1,0,3,68,1,1,8,9,17,1,0,99,99
4200,11,1898,1858,40,1,60,"NT","Urban","12:00 AM - 6:00 AM",1,1,0,3,136,1,4,6,6,12,1,0,99,99
6044,16,2562,1720,842,1,53,"VIC","Urban","12:00 AM - 6:00 AM",0,1,0,3,113,1,2,9,8,17,0,0,99,99
3377,9,2916,2019,897,0,58,"NT","Urban","6:00 PM - 12:00 AM",0,1,1,2,101,2,4,8,7,15,0,0,99,99
6881,18,1770,1770,0,1,70,"VIC","Urban","6:00 PM - 12:00 AM",0,1,0,1,138,4,2,4,4,8,0,0,99,99
1442,4,4432,2390,2042,0,47,"VIC","Urban","6:00 AM - 12:00 PM",1,0,0,3,48,3,4,0,4,4,0,0,99,99
6984,18,2401,2000,401,0,54,"SA","Urban","6:00 AM - 12:00 PM",1,1,0,3,141,2,3,5,6,11,0,0,99,99
4019,11,553,0,553,0,19,"NSW","Regional","12:00 PM - 6:00 PM",0,0,0,3,105,3,3,10,9,19,0,0,99,99
8107,21,4778,2165,2613,1,45,"SA","Urban","12:00 AM - 6:00 AM",1,0,1,1,158,1,4,6,3,9,0,0,99,99
4621,12,865,0,865,0,-99,"NSW","Regional","6:00 PM - 12:00 AM",0,1,0,3,103,1,3,6,6,12,0,0,99,99
8470,22,637,0,637,1,40,"NSW","Remote","6:00 PM - 12:00 AM",1,0,0,3,37,2,3,3,3,6,1,0,99,99
6327,16,906,0,906,1,63,"VIC","Urban","6:00 PM - 12:00 AM",1,1,0,3,158,1,3,9,9,18,1,0,99,99
7928,20,337,0,337,1,25,"SA","Urban","12:00 AM - 6:00 AM",1,0,1,1,66,1,1,5,4,9,0,0,99,99
1669,5,3946,1877,2069,0,55,"NSW","Regional","12:00 PM - 6:00 PM",0,0,0,2,132,2,3,8,6,14,0,0,99,99
7354,19,1983,1755,228,0,54,"QLD","Urban","6:00 AM - 12:00 PM",0,1,0,3,19,4,2,1,5,6,0,1,5,1
2284,6,2267,2005,262,1,76,"VIC","Urban","12:00 AM - 6:00 AM",0,0,1,1,167,2,2,4,3,7,0,0,99,99
9923,25,2585,1409,1176,1,63,"NSW","Regional","12:00 PM - 6:00 PM",1,1,1,3,149,3,2,3,2,5,1,0,99,99
9020,23,2666,2666,0,0,34,"NSW","Remote","6:00 AM - 12:00 PM",1,1,0,1,29,4,2,0,0,0,1,0,99,99
4509,12,1822,1822,0,1,65,"NSW","Urban","12:00 AM - 6:00 AM",0,1,1,3,42,2,2,9,10,19,1,1,1,0
5910,15,1850,1850,0,1,52,"NSW","Remote","6:00 AM - 12:00 PM",1,0,0,3,153,2,3,6,8,14,0,0,99,99
4327,11,531,0,531,1,43,"VIC","Urban","12:00 PM - 6:00 PM",0,1,1,2,87,1,3,10,9,19,1,0,99,99
3669,10,3178,2086,1092,1,58,"WA","Urban","6:00 AM - 12:00 PM",1,0,0,3,177,2,3,1,0,1,0,0,99,99
7251,19,2733,1788,945,1,48,"QLD","Urban","6:00 AM - 12:00 PM",1,1,0,3,109,1,2,9,10,19,0,0,99,99
793,2,446,0,446,0,20,"NSW","Urban","6:00 PM - 12:00 AM",1,1,0,1,138,1,1,4,5,9,0,1,3,0
9014,23,1814,1453,361,1,35,"NT","Urban","12:00 PM - 6:00 PM",0,0,0,3,117,3,4,10,10,20,0,0,99,99
2300,6,1647,1180,467,1,67,"VIC","Urban","12:00 AM - 6:00 AM",1,1,1,3,86,2,3,10,10,20,0,1,4,1
3092,8,2284,2048,236,1,36,"NT","Urban","12:00 AM - 6:00 AM",0,1,0,3,166,2,2,0,0,0,0,0,99,99
2075,6,2729,2125,604,0,41,"NSW","Regional","6:00 PM - 12:00 AM",1,1,0,3,20,1,4,4,7,11,0,1,1,0
5458,14,2559,2268,291,1,-99,"NSW","Remote","6:00 AM - 12:00 PM",1,1,0,1,127,1,4,10,10,20,0,0,99,99
6807,18,1640,0,1640,0,48,"VIC","Urban","6:00 AM - 12:00 PM",0,1,1,2,180,1,3,3,0,3,1,0,99,99
7739,20,651,0,651,0,42,"SA","Urban","6:00 PM - 12:00 AM",1,0,0,2,147,1,2,5,4,9,1,0,99,99
7495,19,332,0,332,1,69,"VIC","Urban","6:00 PM - 12:00 AM",0,1,0,3,80,1,3,7,3,10,0,0,99,99
2196,6,3171,2223,948,0,21,"QLD","Urban","6:00 AM - 12:00 PM",0,0,0,3,120,3,5,10,8,18,0,0,99,99
9308,24,2700,1641,1059,1,34,"SA","Urban","6:00 AM - 12:00 PM",0,0,0,3,83,2,3,10,10,20,1,0,99,99
8963,23,1663,1663,0,0,54,"NSW","Regional","12:00 PM - 6:00 PM",1,0,1,2,94,3,4,9,10,19,0,0,99,99
9909,25,2696,1662,1034,1,47,"NT","Urban","6:00 AM - 12:00 PM",0,1,1,2,160,1,2,8,9,17,0,1,5,1
1061,3,2441,1595,846,1,56,"TAS","Urban","6:00 AM - 12:00 PM",0,1,1,3,174,2,2,3,6,9,0,1,2,1
492,2,4040,2204,1836,1,59,"NT","Remote","6:00 PM - 12:00 AM",0,0,1,3,144,4,2,7,9,16,0,0,99,99
4124,11,1567,1158,409,1,44,"VIC","Urban","12:00 AM - 6:00 AM",0,0,1,3,179,2,2,4,3,7,0,1,4,0
1186,3,3527,2010,1517,0,48,"VIC","Urban","6:00 AM - 12:00 PM",0,0,1,1,156,1,3,7,4,11,0,0,99,99
7286,19,1825,1825,0,1,20,"NSW","Urban","12:00 AM - 6:00 AM",0,1,0,2,45,1,4,5,7,12,0,0,99,99
6203,16,2586,1304,1282,1,50,"WA","Urban","6:00 AM - 12:00 PM",0,1,0,3,160,2,2,8,8,16,1,0,99,99
6197,16,1666,584,1082,0,28,"NSW","Remote","6:00 AM - 12:00 PM",0,1,0,2,151,1,4,4,2,6,0,0,99,99
4235,11,192,0,192,0,74,"QLD","Urban","6:00 PM - 12:00 AM",0,0,1,1,89,1,3,10,10,20,0,0,99,99
5078,13,1867,1867,0,1,23,"VIC","Urban","6:00 PM - 12:00 AM",0,1,1,3,43,1,2,4,4,8,0,0,99,99
8756,22,2603,1761,842,1,76,"VIC","Urban","12:00 AM - 6:00 AM",1,1,1,3,100,2,3,10,10,20,0,1,5,0
7731,20,1202,0,1202,1,47,"VIC","Urban","6:00 AM - 12:00 PM",1,1,0,3,37,2,2,3,3,6,0,0,99,99
1455,4,3203,1676,1527,0,59,"NSW","Urban","6:00 AM - 12:00 PM",0,1,1,3,180,2,3,5,0,5,0,0,99,99
972,3,2309,1490,819,0,49,"VIC","Regional","6:00 AM - 12:00 PM",0,0,0,3,18,1,2,6,4,10,0,0,99,99
1362,4,219,0,219,0,39,"NSW","Urban","6:00 AM - 12:00 PM",0,1,0,3,126,1,4,10,10,20,1,0,99,99
6709,17,2758,1624,1134,1,47,"QLD","Urban","6:00 PM - 12:00 AM",0,0,0,2,115,1,2,10,8,18,1,0,99,99
6254,16,2979,2246,733,1,44,"QLD","Urban","6:00 PM - 12:00 AM",1,1,1,3,129,2,5,10,8,18,0,0,99,99
4492,12,1383,1383,0,1,25,"VIC","Urban","6:00 PM - 12:00 AM",0,1,0,1,130,3,3,9,10,19,0,1,3,0
5308,14,657,0,657,1,43,"WA","Urban","12:00 PM - 6:00 PM",0,1,1,3,57,2,4,9,10,19,1,0,99,99
2104,6,3699,2286,1413,1,20,"VIC","Urban","6:00 PM - 12:00 AM",0,1,0,3,26,4,3,0,0,0,1,0,99,99
1131,3,1126,0,1126,1,43,"TAS","Urban","6:00 AM - 12:00 PM",1,1,1,3,30,2,2,7,6,13,0,0,99,99
1157,3,3078,1913,1165,1,54,"NSW","Urban","6:00 AM - 12:00 PM",0,0,0,3,48,4,4,6,6,12,0,0,99,99
1681,5,3455,1843,1612,1,50,"NSW","Urban","6:00 PM - 12:00 AM",0,0,0,3,120,4,4,8,6,14,0,0,99,99
771,2,3996,2015,1981,1,47,"ACT","Urban","6:00 PM - 12:00 AM",0,0,1,2,66,4,3,10,9,19,1,0,99,99
2918,8,3047,2060,987,0,36,"WA","Urban","6:00 PM - 12:00 AM",0,1,1,1,153,1,2,9,6,15,0,0,99,99
1323,4,1562,1428,134,1,42,"WA","Regional","6:00 AM - 12:00 PM",0,1,1,3,84,2,4,9,8,17,1,0,99,99
5155,13,813,0,813,1,64,"NSW","Regional","6:00 PM - 12:00 AM",0,0,0,3,109,2,4,10,10,20,0,1,1,0
5901,15,1087,0,1087,1,51,"NT","Urban","12:00 PM - 6:00 PM",0,0,1,3,164,4,3,1,0,1,0,0,99,99
2471,7,2724,2403,321,1,32,"NSW","Regional","6:00 AM - 12:00 PM",0,0,1,1,151,3,4,6,7,13,0,0,99,99
3451,9,45,0,45,1,60,"TAS","Urban","6:00 PM - 12:00 AM",0,0,0,3,137,3,3,8,4,12,0,0,99,99
3632,10,1935,1821,114,1,20,"NSW","Urban","6:00 PM - 12:00 AM",1,1,0,1,156,1,4,7,8,15,1,0,99,99
4468,12,2710,1961,749,0,35,"SA","Urban","6:00 AM - 12:00 PM",0,0,0,3,29,1,3,4,4,8,1,0,99,99
5959,15,2289,1934,355,0,26,"NSW","Urban","6:00 PM - 12:00 AM",0,1,1,1,140,1,3,5,7,12,0,0,99,99
4903,13,145,0,145,0,75,"VIC","Urban","12:00 PM - 6:00 PM",0,0,1,1,84,2,3,8,9,17,1,0,99,99
7128,18,696,0,696,1,39,"NSW","Urban","6:00 AM - 12:00 PM",0,0,1,1,85,1,2,9,9,18,0,0,99,99
850,3,3487,1991,1496,1,46,"NSW","Urban","6:00 PM - 12:00 AM",0,0,1,2,72,1,3,6,5,11,0,0,99,99
8364,21,3408,1927,1481,0,54,"TAS","Urban","6:00 PM - 12:00 AM",0,1,1,3,129,3,3,7,7,14,1,0,99,99
9897,25,2516,2007,509,1,20,"NSW","Urban","12:00 PM - 6:00 PM",1,0,1,3,130,2,3,5,6,11,0,0,99,99
365,1,1458,1314,144,1,38,"VIC","Urban","6:00 PM - 12:00 AM",1,1,0,3,84,1,2,4,5,9,0,0,99,99
4077,11,3159,2167,992,99,19,"NSW","Remote","6:00 PM - 12:00 AM",1,0,0,2,126,2,4,9,10,19,0,0,99,99
3019,8,499,0,499,1,27,"SA","Urban","6:00 AM - 12:00 PM",0,1,0,1,105,2,3,8,8,16,0,0,99,99
5038,13,962,0,962,1,36,"QLD","Urban","6:00 PM - 12:00 AM",0,0,1,3,27,1,3,2,4,6,0,0,99,99
5145,13,267,0,267,1,49,"NSW","Regional","12:00 PM - 6:00 PM",1,1,0,3,30,1,3,4,0,4,1,0,99,99
8011,21,2927,1773,1154,1,55,"VIC","Urban","12:00 PM - 6:00 PM",1,1,0,2,55,1,2,6,6,12,0,1,4,0
4614,12,1298,0,1298,1,56,"QLD","Urban","6:00 AM - 12:00 PM",1,1,1,2,161,1,3,8,7,15,1,0,99,99
8659,22,777,0,777,1,29,"NSW","Urban","6:00 PM - 12:00 AM",0,0,0,3,58,1,4,8,8,16,0,1,3,1
3122,8,624,0,624,1,-99,"NSW","Regional","6:00 PM - 12:00 AM",1,1,0,3,177,3,2,0,1,1,0,0,99,99
5292,14,321,0,321,0,67,"WA","Urban","6:00 PM - 12:00 AM",0,0,0,3,75,2,3,10,10,20,0,0,99,99
447,2,4481,1939,2542,0,55,"VIC","Regional","12:00 PM - 6:00 PM",0,0,0,3,108,3,3,8,10,18,0,1,5,1
2280,6,1657,0,1657,0,48,"VIC","Urban","6:00 PM - 12:00 AM",0,1,1,2,55,2,5,9,8,17,1,0,99,99
4333,11,1731,0,1731,99,45,"NSW","Remote","12:00 PM - 6:00 PM",0,1,0,2,172,2,4,1,0,1,0,1,2,0
4752,12,875,0,875,1,28,"TAS","Urban","6:00 PM - 12:00 AM",0,0,1,3,126,3,2,5,4,9,1,1,3,0
3147,8,2122,1659,463,1,23,"NSW","Remote","6:00 PM - 12:00 AM",1,1,1,3,34,2,3,3,2,5,0,0,99,99
5947,15,2538,1514,1024,1,64,"QLD","Urban","12:00 AM - 6:00 AM",1,1,1,3,39,3,2,8,5,13,0,0,99,99
2839,8,1476,0,1476,1,40,"QLD","Urban","6:00 PM - 12:00 AM",0,0,0,1,145,4,2,10,10,20,1,0,99,99
8427,22,2609,1380,1229,0,39,"NSW","Urban","6:00 PM - 12:00 AM",0,1,0,3,101,2,3,5,8,13,1,1,4,1
3766,10,1985,1683,302,0,50,"VIC","Urban","6:00 PM - 12:00 AM",0,1,0,2,72,4,4,8,10,18,0,1,4,0
4391,11,1020,0,1020,99,31,"VIC","Urban","6:00 AM - 12:00 PM",0,0,0,2,177,1,2,2,1,3,0,0,99,99
3984,10,3629,2021,1608,0,75,"VIC","Urban","12:00 AM - 6:00 AM",0,1,0,2,14,2,3,1,0,1,0,1,5,0
8026,21,538,0,538,0,35,"NSW","Remote","12:00 AM - 6:00 AM",0,1,0,3,69,2,2,4,6,10,0,0,99,99
7614,20,862,0,862,0,44,"TAS","Urban","6:00 PM - 12:00 AM",1,1,1,3,157,1,4,5,4,9,0,0,99,99
58,1,368,0,368,1,25,"NT","Regional","12:00 PM - 6:00 PM",1,1,1,3,138,2,3,8,10,18,1,0,99,99
8790,22,734,0,734,0,46,"NSW","Remote","6:00 AM - 12:00 PM",1,1,0,3,28,1,3,2,2,4,0,0,99,99
6294,16,2749,1551,1198,0,30,"VIC","Urban","6:00 AM - 12:00 PM",0,1,0,3,173,2,1,3,1,4,0,0,99,99
461,2,221,0,221,0,24,"NSW","Regional","6:00 PM - 12:00 AM",1,1,1,3,102,1,4,5,5,10,0,0,99,99
7071,18,2494,1733,761,1,63,"VIC","Urban","12:00 AM - 6:00 AM",0,1,0,3,118,2,4,9,10,19,1,0,99,99
6104,16,3255,2141,1114,0,59,"NSW","Urban","6:00 PM - 12:00 AM",1,0,1,2,35,2,4,4,4,8,0,0,99,99
1330,4,324,0,324,0,21,"NT","Urban","6:00 AM - 12:00 PM",0,1,0,1,90,2,4,7,3,10,0,0,99,99
9649,25,803,0,803,0,28,"VIC","Urban","12:00 AM - 6:00 AM",0,0,0,3,39,1,3,6,8,14,1,0,99,99
4504,12,2538,1459,1079,0,56,"NSW","Regional","6:00 AM - 12:00 PM",0,0,1,3,101,2,2,10,10,20,1,1,2,1
9568,24,3147,2117,1030,0,50,"SA","Urban","6:00 PM - 12:00 AM",0,1,1,3,100,1,3,5,3,8,1,1,1,0
2169,6,1259,0,1259,1,74,"VIC","Urban","6:00 AM - 12:00 PM",0,0,0,3,172,3,2,4,0,4,1,1,1,0
6538,17,2689,2075,614,1,68,"TAS","Urban","6:00 AM - 12:00 PM",1,0,1,1,19,2,2,0,1,1,1,0,99,99
9146,23,2868,1909,959,0,61,"NSW","Urban","6:00 AM - 12:00 PM",0,1,0,1,49,1,3,8,5,13,0,0,99,99
6489,17,3184,1813,1371,0,50,"VIC","Urban","12:00 PM - 6:00 PM",0,0,0,3,39,4,3,8,8,16,0,0,99,99
9104,23,1369,0,1369,1,31,"SA","Urban","6:00 AM - 12:00 PM",0,1,0,3,54,1,4,5,6,11,0,0,99,99
3449,9,1199,0,1199,0,42,"VIC","Urban","6:00 AM - 12:00 PM",0,1,0,3,43,1,4,9,8,17,0,0,99,99
1394,4,1091,0,1091,0,29,"NSW","Regional","6:00 AM - 12:00 PM",0,1,0,3,84,2,5,10,6,16,1,0,99,99
1318,4,4237,2361,1876,1,59,"SA","Urban","6:00 AM - 12:00 PM",1,0,1,2,150,2,3,8,6,14,0,0,99,99
8591,22,3281,1855,1426,1,42,"VIC","Urban","12:00 AM - 6:00 AM",0,1,1,3,145,1,2,1,2,3,0,0,99,99
8357,21,2019,1698,321,0,45,"NSW","Regional","6:00 AM - 12:00 PM",0,1,0,1,160,1,2,10,6,16,0,0,99,99
9514,24,695,0,695,0,-99,"NSW","Regional","12:00 AM - 6:00 AM",0,1,0,3,54,2,3,2,1,3,0,0,99,99
9165,23,2193,2193,0,1,20,"WA","Urban","6:00 PM - 12:00 AM",1,0,0,2,55,3,3,5,10,15,1,0,99,99
3098,8,2706,1858,848,0,62,"VIC","Urban","6:00 PM - 12:00 AM",1,1,0,3,175,1,2,3,3,6,1,0,99,99
3402,9,1649,1649,0,0,-99,"QLD","Urban","6:00 PM - 12:00 AM",1,1,0,3,119,1,3,6,5,11,0,0,99,99
9375,24,1980,1980,0,99,29,"VIC","Urban","6:00 PM - 12:00 AM",1,1,0,1,26,3,2,0,0,0,0,0,99,99
8391,21,3494,2371,1123,0,55,"NSW","Regional","12:00 AM - 6:00 AM",0,0,1,3,140,2,4,10,10,20,0,0,99,99
5315,14,3310,2103,1207,1,46,"NSW","Regional","6:00 AM - 12:00 PM",0,1,1,2,47,2,4,4,2,6,0,0,99,99
659,2,3274,1692,1582,1,47,"VIC","Remote","6:00 PM - 12:00 AM",0,1,0,3,174,4,3,5,4,9,0,0,99,99
4357,11,2267,1190,1077,0,50,"NT","Urban","12:00 AM - 6:00 AM",0,1,1,2,114,2,2,9,8,17,1,0,99,99
1092,3,3004,1760,1244,1,40,"NSW","Urban","6:00 AM - 12:00 PM",0,1,1,2,168,3,4,4,1,5,0,0,99,99
755,2,1768,1482,286,0,33,"NSW","Urban","6:00 PM - 12:00 AM",1,1,1,3,72,1,3,10,10,20,1,0,99,99
830,3,185,0,185,0,33,"VIC","Urban","6:00 PM - 12:00 AM",1,1,0,3,30,1,3,5,4,9,0,1,3,1
2197,6,2548,1655,893,0,34,"SA","Urban","6:00 AM - 12:00 PM",1,1,0,1,122,1,3,7,5,12,0,0,99,99
2207,6,2600,2308,292,0,-99,"NSW","Urban","6:00 PM - 12:00 AM",1,1,1,3,49,4,3,6,5,11,0,1,0,0
944,3,1971,1752,219,1,47,"VIC","Urban","6:00 AM - 12:00 PM",1,1,0,3,78,2,3,5,5,10,0,0,99,99
3001,8,2187,1881,306,0,24,"NSW","Urban","6:00 AM - 12:00 PM",1,1,0,3,25,2,4,1,0,1,0,0,99,99
865,3,1897,1602,295,1,31,"NSW","Urban","6:00 PM - 12:00 AM",1,1,0,3,114,1,3,10,9,19,0,0,99,99
7427,19,735,0,735,0,74,"TAS","Urban","12:00 AM - 6:00 AM",1,0,0,3,111,2,2,6,9,15,0,0,99,99
5467,14,789,759,30,1,58,"VIC","Urban","6:00 PM - 12:00 AM",1,0,1,2,77,2,4,9,7,16,0,0,99,99
2905,8,2194,1250,944,1,72,"VIC","Urban","6:00 PM - 12:00 AM",1,0,1,3,47,4,2,1,2,3,1,1,2,0
3319,9,1558,1558,0,1,77,"TAS","Urban","6:00 PM - 12:00 AM",0,1,0,1,29,4,3,8,8,16,1,0,99,99
7045,18,3271,1709,1562,1,64,"VIC","Urban","12:00 PM - 6:00 PM",1,1,0,2,84,1,2,5,4,9,0,0,99,99
5649,15,2204,2093,111,1,43,"VIC","Urban","6:00 PM - 12:00 AM",1,0,0,2,109,1,2,5,6,11,0,0,99,99
6873,18,1734,0,1734,1,70,"VIC","Urban","6:00 AM - 12:00 PM",0,1,0,3,119,1,3,7,6,13,0,0,99,99
1614,5,1221,1042,179,1,26,"QLD","Urban","6:00 AM - 12:00 PM",1,0,1,1,54,1,2,3,4,7,0,1,1,0
1674,5,4630,2099,2531,0,53,"VIC","Urban","6:00 PM - 12:00 AM",0,0,0,3,60,2,4,10,10,20,1,0,99,99
5454,14,578,0,578,0,42,"WA","Urban","12:00 PM - 6:00 PM",1,0,0,2,134,2,3,7,9,16,0,0,99,99
6853,18,1238,0,1238,99,35,"NSW","Regional","6:00 PM - 12:00 AM",0,0,0,3,122,4,3,5,5,10,0,0,99,99
4018,11,948,0,948,1,18,"NSW","Regional","6:00 AM - 12:00 PM",1,1,0,3,159,2,4,7,7,14,1,0,99,99
767,2,840,0,840,1,27,"NSW","Urban","6:00 PM - 12:00 AM",1,1,1,3,126,1,3,8,8,16,1,0,99,99
2764,7,3596,2363,1233,1,39,"TAS","Urban","6:00 AM - 12:00 PM",1,0,1,1,110,1,2,10,9,19,1,0,99,99
3876,10,3191,1839,1352,1,21,"NSW","Urban","6:00 PM - 12:00 AM",0,0,1,3,141,2,2,10,9,19,0,0,99,99
9488,24,2912,1551,1361,1,64,"WA","Urban","6:00 AM - 12:00 PM",0,0,0,3,163,1,2,4,2,6,0,0,99,99
7202,19,791,0,791,1,-99,"WA","Urban","6:00 PM - 12:00 AM",0,1,0,2,70,2,4,10,8,18,0,0,99,99
393,1,1518,0,1518,0,41,"SA","Remote","6:00 PM - 12:00 AM",1,1,1,3,168,1,4,8,7,15,1,0,99,99
